Date,Issue code,Issue name,Securities type,Quantity short-selling volume total,Quantity short-selling volume with uptick rule,Quantity short-selling volume without uptick rule,Quantity trading volume,Quantity proportion,Amount short-selling volume total,Amount short-selling volume with uptick rule,Amount short-selling volume without uptick rule,Amount trading volume,Amount proportion
2018-06-05,060310,3S KOREA,Stock certificates,445,0,0,"349,576",0.13,"1,427,950",0,0,"1,113,929,835",0.13
2018-06-05,054620,APS Holdings,Stock certificates,295,0,0,"224,253",0.13,"1,738,680",0,0,"1,320,418,470",0.13
2018-06-05,265520,AP Systems,Stock certificates,"16,575",0,0,"700,476",2.37,"416,919,750",0,0,"17,515,513,650",2.38
2018-06-05,211270,APSI,Stock certificates,0,0,0,"10,567",0.00,0,0,0,"83,966,510",0.00
2018-06-05,032040,C&S ASSET MANAGEMENT,Stock certificates,0,0,0,0,0.00,0,0,0,0,0.00
2018-06-05,130960,CJ E&M,Stock certificates,"2,324",0,0,"165,618",1.40,"211,750,300",0,0,"15,158,173,200",1.40
2018-06-05,035760,CJOS,Stock certificates,449,0,0,"23,891",1.88,"101,245,000",0,0,"5,382,253,600",1.88
2018-06-05,051500,CJ FW,Stock certificates,"1,693",0,0,"18,265",9.27,"59,623,100",0,0,"645,897,200",9.23
2018-06-05,058820,CMG Pharmaceutical,Stock certificates,"77,289",0,0,"1,216,988",6.35,"392,959,570",0,0,"6,190,607,160",6.35
2018-06-05,023460,CNH,Stock certificates,0,0,0,"81,832",0.00,0,0,0,"124,261,745",0.00
2018-06-05,065770,CS,Stock certificates,0,0,0,"45,607",0.00,0,0,0,"113,673,050",0.00
2018-06-05,083660,CSA Cosmic,Stock certificates,"29,219",0,0,"394,439",7.41,"425,698,300",0,0,"5,708,982,500",7.46
2018-06-05,045890,DB Lightec,Stock certificates,0,0,0,"104,415",0.00,0,0,0,"194,069,810",0.00
2018-06-05,068790,DMS,Stock certificates,"2,536",0,0,"191,834",1.32,"16,911,130",0,0,"1,294,030,870",1.31
2018-06-05,241520,DSC Investment,Stock certificates,178,0,0,"115,381",0.15,"858,990",0,0,"548,982,715",0.16
2018-06-05,037370,EG,Stock certificates,527,0,0,"29,999",1.76,"5,387,950",0,0,"305,334,550",1.76
2018-06-05,079190,EMW,Stock certificates,"61,465",0,0,"20,975,105",0.29,"227,877,940",0,0,"76,336,925,510",0.30
2018-06-05,130500,GH Advanced Materials,Stock certificates,3,0,0,"71,789",0.00,"11,340",0,0,"268,961,175",0.00
2018-06-05,032860,GMR Materials,Stock certificates,0,0,0,"569,008",0.00,0,0,0,"393,822,319",0.00
2018-06-05,900290,GRT,Foreign stock certificates,0,0,0,"84,476",0.00,0,0,0,"227,457,300",0.00
2018-06-05,083450,GST,Stock certificates,"2,015",0,0,"95,439",2.11,"19,884,830",0,0,"939,431,050",2.12
2018-06-05,028150,GSHS,Stock certificates,988,0,0,"16,324",6.05,"174,054,500",0,0,"2,877,127,600",6.05
2018-06-05,078150,HB Technology,Stock certificates,"24,061",0,0,"494,824",4.86,"60,980,735",0,0,"1,256,634,835",4.85
2018-06-05,036640,HRS,Stock certificates,174,0,0,"20,472",0.85,"737,895",0,0,"86,838,755",0.85
2018-06-05,225430,IBKS No.3 SPAC,Stock certificates,0,0,0,0,0.00,0,0,0,0,0.00
2018-06-05,254120,IBKS No.5 SPAC,Stock certificates,0,0,0,"15,527",0.00,0,0,0,"33,078,785",0.00
2018-06-05,264850,IBKS No.6 SPAC,Stock certificates,0,0,0,0,0.00,0,0,0,0,0.00
2018-06-05,276920,IBKS No.7 SPAC,Stock certificates,0,0,0,"69,354",0.00,0,0,0,"155,940,485",0.00
2018-06-05,277410,IBKS No.8 SPAC,Stock certificates,0,0,0,"1,045,986",0.00,0,0,0,"4,221,443,970",0.00
2018-06-05,095340,ISC,Stock certificates,120,0,0,"100,799",0.12,"2,039,000",0,0,"1,709,251,200",0.12
2018-06-05,099520,ITX-M2M,Stock certificates,4,0,0,"75,081",0.01,"6,870",0,0,"127,920,620",0.01
2018-06-05,950170,JTC,Depository receipts,0,0,0,"473,471",0.00,0,0,0,"6,887,077,950",0.00
2018-06-05,067290,JW SHINYAK,Stock certificates,"2,410",0,0,"510,781",0.47,"21,231,550",0,0,"4,498,168,150",0.47
2018-06-05,035900,JYP Ent.,Stock certificates,"11,882",0,0,"874,607",1.36,"289,443,150",0,0,"21,320,751,500",1.36
2018-06-05,024120,KBA,Stock certificates,0,0,0,"16,438",0.00,0,0,0,"108,826,880",0.00
2018-06-05,021320,KCC,Stock certificates,"4,135",0,0,"430,000",0.96,"46,362,600",0,0,"4,812,522,000",0.96
2018-06-05,036670,KCI,Stock certificates,50,0,0,"64,324",0.08,"505,390",0,0,"644,360,260",0.08
2018-06-05,044180,KD E&C,Stock certificates,"99,666",0,0,"8,022,290",1.24,"14,673,910",0,0,"1,179,383,852",1.24
2018-06-05,151860,KG ETS,Stock certificates,"3,582",0,0,"339,570",1.05,"14,783,970",0,0,"1,409,018,315",1.05
2018-06-05,046440,KGMBLS,Stock certificates,"8,206",0,0,"137,280",5.98,"80,505,070",0,0,"1,345,864,890",5.98
2018-06-05,035600,KGINICIS,Stock certificates,"6,541",0,0,"274,276",2.38,"151,896,150",0,0,"6,352,787,600",2.39
2018-06-05,060720,KH VATEC,Stock certificates,1,0,0,"42,485",0.00,"11,950",0,0,"508,303,600",0.00
2018-06-05,083470,KJ Pretech,Stock certificates,"6,363",0,0,"676,915",0.94,"9,267,580",0,0,"1,000,448,055",0.93
2018-06-05,122450,KMH,Stock certificates,"5,428",0,0,"1,004,026",0.54,"44,205,400",0,0,"8,320,129,590",0.53
2018-06-05,052900,KMH HITECH,Stock certificates,"168,738",0,0,"35,389,317",0.48,"229,150,230",0,0,"48,586,421,700",0.47
2018-06-05,058400,KNN,Stock certificates,560,0,0,"418,175",0.13,"603,945",0,0,"452,288,405",0.13
2018-06-05,114450,KPXLS,Stock certificates,0,0,0,"88,935",0.00,0,0,0,"530,499,690",0.00
2018-06-05,036030,KTH,Stock certificates,0,0,0,"28,624",0.00,0,0,0,"159,685,060",0.00
2018-06-05,060370,KT Submarine,Stock certificates,234,0,0,"115,803",0.20,"1,121,685",0,0,"555,947,235",0.20
2018-06-05,065150,MP,Stock certificates,0,0,0,0,0.00,0,0,0,0,0.00
2018-06-05,219550,MPHK,Stock certificates,"4,822",0,0,"361,797",1.33,"12,871,885",0,0,"958,597,020",1.34
2018-06-05,160550,NEW,Stock certificates,"4,774",0,0,"132,992",3.59,"41,532,400",0,0,"1,157,603,390",3.59
2018-06-05,053290,NE Neungyule,Stock certificates,0,0,0,"14,763",0.00,0,0,0,"56,899,210",0.00
2018-06-05,104200,NHN BUGS,Stock certificates,952,0,0,"128,224",0.74,"10,223,950",0,0,"1,359,414,300",0.75
2018-06-05,060250,NHN KCP,Stock certificates,"10,522",0,0,"125,603",8.38,"154,667,950",0,0,"1,846,744,450",8.38
2018-06-05,030190,NICE INFO,Stock certificates,373,0,0,"195,727",0.19,"4,496,200",0,0,"2,371,042,100",0.19
2018-06-05,024940,PNPOONGNYUN,Stock certificates,0,0,0,"16,191",0.00,0,0,0,"48,166,885",0.00
2018-06-05,218410,RFHIC,Stock certificates,"25,249",0,0,"234,556",10.76,"661,597,100",0,0,"6,153,467,400",10.75
2018-06-05,091340,S&K,Stock certificates,0,0,0,"90,136",0.00,0,0,0,"370,046,955",0.00
2018-06-05,019550,SBI Investment KOREA,Stock certificates,"89,405",0,0,"1,864,933",4.79,"96,271,490",0,0,"2,007,880,965",4.79
2018-06-05,950110,SBI FinTech Solutions,Depository receipts,96,0,0,"10,960",0.88,"734,560",0,0,"83,750,250",0.88
2018-06-05,046140,SBS Contents Hub,Stock certificates,634,0,0,"9,353",6.78,"4,952,250",0,0,"73,059,080",6.78
2018-06-05,036120,SCI,Stock certificates,567,0,0,"386,458",0.15,"2,089,905",0,0,"1,425,783,345",0.15
2018-06-05,099220,SDN,Stock certificates,"11,079",0,0,"1,059,371",1.05,"26,111,230",0,0,"2,480,297,160",1.05
2018-06-05,036540,SFASemicon,Stock certificates,"9,839",0,0,"250,636",3.93,"21,615,200",0,0,"550,343,815",3.93
2018-06-05,255220,SG,Stock certificates,293,0,0,"1,327,769",0.02,"4,020,300",0,0,"18,771,480,000",0.02
2018-06-05,040610,SG&G,Stock certificates,0,0,0,"88,285",0.00,0,0,0,"234,701,100",0.00
2018-06-05,049470,SGA,Stock certificates,0,0,0,"218,318",0.00,0,0,0,"180,192,212",0.00
2018-06-05,184230,SGA Solutions,Stock certificates,"4,151",0,0,"344,452",1.21,"9,888,325",0,0,"815,539,150",1.21
2018-06-05,090730,SIMPAC Metal,Stock certificates,0,0,0,"12,849",0.00,0,0,0,"157,756,300",0.00
2018-06-05,232330,SK NO.3 SPAC,Stock certificates,0,0,0,"52,971",0.00,0,0,0,"111,896,775",0.00
2018-06-05,057500,SKC solmics,Stock certificates,146,0,0,"900,711",0.02,"945,760",0,0,"5,844,318,210",0.02
2018-06-05,178920,SKPI,Stock certificates,"12,335",0,0,"1,540,516",0.80,"609,818,850",0,0,"76,328,810,250",0.80
2018-06-05,036490,SK Materials,Stock certificates,"10,669",0,0,"84,845",12.57,"1,811,949,000",0,0,"14,344,916,000",12.63
2018-06-05,052260,SKbioland,Stock certificates,862,0,0,"34,323",2.51,"16,772,700",0,0,"667,511,050",2.51
2018-06-05,048550,SM C&C,Stock certificates,"39,013",0,0,"532,005",7.33,"110,923,240",0,0,"1,517,205,285",7.31
2018-06-05,063440,SM Life Design,Stock certificates,"3,323",0,0,"2,627,436",0.13,"13,082,410",0,0,"10,424,787,095",0.13
2018-06-05,123260,STC,Stock certificates,"11,352",0,0,"1,629,059",0.70,"31,516,855",0,0,"4,444,909,165",0.71
2018-06-05,089230,THE E&M,Stock certificates,"1,704",0,0,"612,657",0.28,"2,615,640",0,0,"927,072,750",0.28
2018-06-05,032540,TJ MEDIA,Stock certificates,0,0,0,"12,979",0.00,0,0,0,"55,237,775",0.00
2018-06-05,048770,TPC,Stock certificates,0,0,0,"45,632",0.00,0,0,0,"273,473,130",0.00
2018-06-05,038340,UCI,Stock certificates,0,0,0,0,0.00,0,0,0,0,0.00
2018-06-05,052300,W Holding Company,Stock certificates,29,0,0,"1,880,780",0.00,"20,271",0,0,"1,306,732,329",0.00
2018-06-05,040300,YTN,Stock certificates,0,0,0,"221,848",0.00,0,0,0,"550,131,880",0.00
2018-06-05,051390,"YW CO.,LTD",Stock certificates,0,0,0,"3,305",0.00,0,0,0,"12,080,830",0.00
2018-06-05,052220,iMBC,Stock certificates,"13,630",0,0,"548,976",2.48,"50,396,540",0,0,"2,032,775,900",2.48
2018-06-05,079940,GABIA,Stock certificates,582,0,0,"243,492",0.24,"4,907,260",0,0,"2,055,068,570",0.24
2018-06-05,078890,KAON Media,Stock certificates,"7,322",0,0,"208,823",3.51,"72,249,230",0,0,"2,052,045,890",3.52
2018-06-05,192410,GNI,Stock certificates,0,0,0,0,0.00,0,0,0,0,0.00
2018-06-05,024840,KB METAL,Stock certificates,"3,019",0,0,"536,131",0.56,"8,239,830",0,0,"1,452,934,810",0.57
2018-06-05,217730,KANGSTEM BIOTECH,Stock certificates,"2,432",0,0,"142,697",1.70,"27,883,600",0,0,"1,633,469,100",1.71
2018-06-05,094480,GalaxiaComms,Stock certificates,149,0,0,"47,148",0.32,"615,780",0,0,"193,713,495",0.32
2018-06-05,063080,GAMEVIL,Stock certificates,"3,751",0,0,"32,106",11.68,"243,308,400",0,0,"2,081,630,700",11.69
2018-06-05,039240,K-Steel,Stock certificates,"2,824",0,0,"292,385",0.97,"6,508,155",0,0,"671,033,310",0.97
2018-06-05,053950,KYUNG NAM PHARM,Stock certificates,0,0,0,0,0.00,0,0,0,0,0.00
2018-06-05,011040,KDPharm,Stock certificates,144,0,0,"59,901",0.24,"1,869,400",0,0,"777,685,400",0.24
2018-06-05,024910,Kyungchang,Stock certificates,0,0,0,"20,538",0.00,0,0,0,"63,167,910",0.00
2018-06-05,198440,KOREA CEMENT,Stock certificates,"2,000",0,0,"1,343,574",0.15,"6,920,000",0,0,"4,497,785,890",0.15
2018-06-05,049720,KORYOINFO,Stock certificates,0,0,0,"36,977",0.00,0,0,0,"144,130,280",0.00
2018-06-05,014570,KOREAN DRUG,Stock certificates,682,0,0,"62,127",1.10,"5,957,380",0,0,"543,006,520",1.10
2018-06-05,098460,Koh Young,Stock certificates,"2,591",0,0,"17,325",14.96,"243,904,800",0,0,"1,635,643,400",14.91
2018-06-05,038530,Gold Pacific,Stock certificates,194,0,0,"1,152,606",0.02,"1,425,680",0,0,"8,611,297,920",0.02
2018-06-05,227950,Goldenbridge SPAC 4,Stock certificates,0,0,0,"18,549",0.00,0,0,0,"38,161,400",0.00
2018-06-05,900280,Golden Century,Foreign stock certificates,"5,007",0,0,"2,342,238",0.21,"5,380,010",0,0,"2,511,175,145",0.21
2018-06-05,215000,GOLFZON,Stock certificates,1,0,0,"7,021",0.01,"43,900",0,0,"304,568,400",0.01
2018-06-05,121440,GOLFZON NEWDIN HOLDINGS,Stock certificates,"3,632",0,0,"121,034",3.00,"18,296,235",0,0,"606,697,295",3.02
2018-06-05,014200,KANGLIM,Stock certificates,234,0,0,"464,420",0.05,"894,360",0,0,"1,777,245,025",0.05
2018-06-05,026910,KwangjinInd,Stock certificates,0,0,0,"38,633",0.00,0,0,0,"153,716,850",0.00
2018-06-05,090150,KWANGJIN,Stock certificates,0,0,0,"134,936",0.00,0,0,0,"417,543,865",0.00
2018-06-05,267320,Kyobo 7 SPAC,Stock certificates,0,0,0,"3,242",0.00,0,0,0,"6,679,470",0.00
2018-06-05,242040,Kyobo BNK SPAC,Stock certificates,0,0,0,"8,371",0.00,0,0,0,"17,066,165",0.00
2018-06-05,053270,G.Y.TECH,Stock certificates,0,0,0,"82,648",0.00,0,0,0,"167,056,585",0.00
2018-06-05,066620,KUKBO DESIGN,Stock certificates,81,0,0,"31,590",0.26,"1,665,300",0,0,"647,856,550",0.26
2018-06-05,043650,KSDB,Stock certificates,90,0,0,"42,640",0.21,"556,800",0,0,"263,002,620",0.21
2018-06-05,006050,KUKYOUNGG&M,Stock certificates,576,0,0,"2,759,286",0.02,"994,340",0,0,"4,710,746,000",0.02
2018-06-05,060480,KUKIL METAL,Stock certificates,0,0,0,"176,021",0.00,0,0,0,"698,349,745",0.00
2018-06-05,078130,KUK-IL PAPER,Stock certificates,"30,870",0,0,"4,927,902",0.63,"36,209,350",0,0,"5,721,965,420",0.63
2018-06-05,019010,GRAND DEPT,Stock certificates,0,0,0,"10,718",0.00,0,0,0,"151,600,400",0.00
2018-06-05,900070,GSMT,Foreign stock certificates,0,0,0,"259,114",0.00,0,0,0,"354,843,265",0.00
2018-06-05,204620,Global Tax Free,Stock certificates,"1,857",0,0,"249,011",0.75,"20,367,750",0,0,"2,744,708,950",0.74
2018-06-05,019660,GLOBON,Stock certificates,842,0,0,"68,425",1.23,"4,444,060",0,0,"360,965,750",1.23
2018-06-05,053260,KEUM KANG,Stock certificates,0,0,0,"38,191",0.00,0,0,0,"162,130,100",0.00
2018-06-05,036190,GEUMHWA PSC,Stock certificates,0,0,0,467,0.00,0,0,0,"17,115,200",0.00
2018-06-05,049080,GIGALANE,Stock certificates,"3,698",0,0,"494,664",0.75,"10,992,170",0,0,"1,478,429,305",0.74
2018-06-05,035460,KisanTelecom,Stock certificates,"2,085",0,0,"199,803",1.04,"7,488,640",0,0,"713,946,525",1.05
2018-06-05,187790,NANO,Stock certificates,0,0,0,"287,188",0.00,0,0,0,"701,344,455",0.00
2018-06-05,151910,NANOS,Stock certificates,"7,668",0,0,"588,031",1.30,"63,232,010",0,0,"4,944,801,800",1.28
2018-06-05,121600,ANP,Stock certificates,"1,039",0,0,"59,702",1.74,"17,397,000",0,0,"991,595,150",1.75
2018-06-05,039860,NanoenTek,Stock certificates,0,0,0,"281,920",0.00,0,0,0,"1,821,857,430",0.00
2018-06-05,091970,Nano Chem Tech,Stock certificates,"1,708",0,0,"139,768",1.22,"11,432,810",0,0,"941,883,990",1.21
2018-06-05,051490,NARA M&D,Stock certificates,"1,827",0,0,"180,458",1.01,"11,709,310",0,0,"1,160,948,980",1.01
2018-06-05,190510,NAMUGA,Stock certificates,0,0,0,"30,317",0.00,0,0,0,"642,189,250",0.00
2018-06-05,089600,Nasmedia,Stock certificates,"1,246",0,0,"37,714",3.30,"75,251,100",0,0,"2,275,230,900",3.31
2018-06-05,138610,NIBEC,Stock certificates,"4,252",0,0,"134,951",3.15,"60,203,250",0,0,"1,920,727,750",3.13
2018-06-05,130580,NICE D&B,Stock certificates,0,0,0,"18,419",0.00,0,0,0,"153,079,690",0.00
2018-06-05,036800,NICEI&T,Stock certificates,30,0,0,"15,766",0.19,"764,900",0,0,"400,978,600",0.19
2018-06-05,091590,"Nam Hwa Const Co., Ltd.",Stock certificates,"3,937",0,0,"397,951",0.99,"56,187,250",0,0,"5,476,331,150",1.03
2018-06-05,168330,NaturalendoTech,Stock certificates,"2,407",0,0,"80,405",2.99,"38,305,800",0,0,"1,278,339,750",3.00
2018-06-05,072770,Neodian Technology,Stock certificates,"1,090",0,0,"868,785",0.13,"2,862,760",0,0,"2,152,445,955",0.13
2018-06-05,212560,NEOOTO,Stock certificates,0,0,0,"34,137",0.00,0,0,0,"199,664,820",0.00
2018-06-05,095660,NEOWIZ,Stock certificates,"49,541",0,0,"892,859",5.55,"1,083,711,900",0,0,"19,347,830,900",5.60
2018-06-05,042420,NEOWIZ HOLDINDS,Stock certificates,120,0,0,"47,410",0.25,"1,904,800",0,0,"744,260,900",0.26
2018-06-05,085910,NEOTIS,Stock certificates,0,0,0,"10,315",0.00,0,0,0,"44,183,905",0.00
2018-06-05,092730,Neopharm,Stock certificates,973,0,0,"22,918",4.25,"52,603,900",0,0,"1,240,650,000",4.24
2018-06-05,153460,NABLE,Stock certificates,0,0,0,"498,397",0.00,0,0,0,"2,642,064,420",0.00
2018-06-05,007390,NATURECELL,Stock certificates,"7,033",0,0,"700,933",1.00,"203,091,400",0,0,"20,217,348,800",1.00
2018-06-05,033640,NEPES,Stock certificates,"24,418",0,0,"2,440,937",1.00,"261,557,500",0,0,"26,820,547,420",0.98
2018-06-05,087730,NEPES AMC,Stock certificates,377,0,0,"49,586",0.76,"8,888,450",0,0,"1,170,189,850",0.76
2018-06-05,081970,NexG,Stock certificates,0,0,0,0,0.00,0,0,0,0,0.00
2018-06-05,089140,NEXTURN,Stock certificates,"1,268",0,0,"93,882",1.35,"20,718,450",0,0,"1,532,677,850",1.35
2018-06-05,065170,NEXT BT,Stock certificates,"1,884",0,0,"2,702,498",0.07,"6,031,180",0,0,"8,509,592,860",0.07
2018-06-05,139670,NexStreaming,Stock certificates,0,0,0,"10,935",0.00,0,0,0,"41,662,140",0.00
2018-06-05,137940,NextEye,Stock certificates,"3,035",0,0,"104,018",2.92,"8,112,430",0,0,"277,676,830",2.92
2018-06-05,092600,Nextchip,Stock certificates,92,0,0,"18,428",0.50,"576,300",0,0,"114,447,700",0.50
2018-06-05,041140,Nexon GT,Stock certificates,"2,942",0,0,"82,702",3.56,"29,396,870",0,0,"826,451,810",3.56
2018-06-05,217270,Neptune,Stock certificates,50,0,0,"61,429",0.08,"587,500",0,0,"716,264,300",0.08
2018-06-05,225570,NAT GAMES,Stock certificates,"1,000",0,0,"488,807",0.20,"15,198,100",0,0,"7,487,564,200",0.20
2018-06-05,144510,Green Cross Lab Cell,Stock certificates,714,0,0,"94,421",0.76,"39,039,600",0,0,"5,111,837,300",0.76
2018-06-05,031390,GREEN CROSS CELL,Stock certificates,"2,213",0,0,"46,789",4.73,"107,460,200",0,0,"2,273,252,850",4.73
2018-06-05,142280,GCMS,Stock certificates,"1,059",0,0,"10,897",9.72,"11,490,150",0,0,"117,818,250",9.75
2018-06-05,065560,Nokwon C & I,Stock certificates,357,0,0,"69,273",0.52,"4,196,900",0,0,"818,503,500",0.51
2018-06-05,054050,N.W BIO,Stock certificates,601,0,0,"117,801",0.51,"10,856,600",0,0,"2,113,682,750",0.51
2018-06-05,040160,NURI Telecom,Stock certificates,644,0,0,"29,751",2.16,"6,233,920",0,0,"288,018,780",2.16
2018-06-05,069140,Nuriplan,Stock certificates,0,0,0,"265,764",0.00,0,0,0,"1,906,436,030",0.00
2018-06-05,126870,NEUROS,Stock certificates,105,0,0,"69,792",0.15,"734,520",0,0,"483,644,290",0.15
2018-06-05,060260,NUVOTEC,Stock certificates,0,0,0,0,0.00,0,0,0,0,0.00
2018-06-05,012340,NUINTEK,Stock certificates,0,0,0,"326,562",0.00,0,0,0,"377,436,745",0.00
2018-06-05,222040,NUTRIBIOTECH,Stock certificates,"2,464",0,0,"84,515",2.92,"58,539,900",0,0,"2,006,111,750",2.92
2018-06-05,144960,NPP,Stock certificates,"1,045",0,0,"47,676",2.19,"24,581,750",0,0,"1,110,856,800",2.21
2018-06-05,900100,New Pride,Foreign stock certificates,"343,712",0,0,"19,629,262",1.75,"1,346,630,645",0,0,"77,802,418,750",1.73
2018-06-05,085670,NEWFLEX,Stock certificates,400,0,0,"207,055",0.19,"1,960,000",0,0,"1,015,631,895",0.19
2018-06-05,119860,DANAWA,Stock certificates,38,0,0,"69,120",0.05,"706,400",0,0,"1,299,024,150",0.05
2018-06-05,064260,DANAL,Stock certificates,"3,136",0,0,"393,771",0.80,"14,994,930",0,0,"1,881,536,890",0.80
2018-06-05,093640,Tamul,Stock certificates,"2,565",0,0,"654,898",0.39,"17,335,700",0,0,"4,336,017,930",0.40
2018-06-05,039560,DASANNetwork,Stock certificates,"4,754",0,0,"524,788",0.91,"35,380,270",0,0,"3,905,882,230",0.91
2018-06-05,032190,DAOU DATA,Stock certificates,105,0,0,"40,463",0.26,"1,293,950",0,0,"498,034,850",0.26
2018-06-05,068240,DAWONSYS,Stock certificates,"7,659",0,0,"298,608",2.56,"126,747,750",0,0,"4,939,304,050",2.57
2018-06-05,020400,DaedongMetal,Stock certificates,0,0,0,"1,709",0.00,0,0,0,"112,870,900",0.00
2018-06-05,008830,DaedongGear,Stock certificates,0,0,0,"61,383",0.00,0,0,0,"1,795,437,450",0.00
2018-06-05,048470,DAESCO,Stock certificates,668,0,0,"1,281,769",0.05,"8,716,450",0,0,"17,322,446,050",0.05
2018-06-05,004780,Daeryuk,Stock certificates,332,0,0,"13,713",2.42,"2,175,460",0,0,"89,773,760",2.42
2018-06-05,017650,DaelimPaper,Stock certificates,0,0,0,"275,845",0.00,0,0,0,"506,229,290",0.00
2018-06-05,007720,DAEMYUNG CORPORATION,Stock certificates,"6,574",0,0,"1,477,506",0.44,"22,865,555",0,0,"5,189,995,240",0.44
2018-06-05,078140,Daebongls,Stock certificates,0,0,0,"52,372",0.00,0,0,0,"533,281,350",0.00
2018-06-05,036480,DSMBIO,Stock certificates,0,0,0,"54,087",0.00,0,0,0,"892,431,450",0.00
2018-06-05,025440,DAESUNGELTEC,Stock certificates,0,0,0,"228,045",0.00,0,0,0,"317,485,895",0.00
2018-06-05,027830,Daesung PE,Stock certificates,"4,254",0,0,"558,262",0.76,"10,280,925",0,0,"1,355,255,030",0.76
2018-06-05,104040,Daesung Fine Tec,Stock certificates,"2,501",0,0,"4,825,140",0.05,"6,582,995",0,0,"12,882,950,685",0.05
2018-06-05,253590,Daishin Balance 3,Stock certificates,0,0,0,"217,987",0.00,0,0,0,"463,206,235",0.00
2018-06-05,262830,Daishin Balance IV,Stock certificates,0,0,0,"3,749",0.00,0,0,0,"7,686,325",0.00
2018-06-05,020180,DIC,Stock certificates,858,0,0,"366,624",0.23,"1,057,315",0,0,"450,924,340",0.23
2018-06-05,045390,DAEATI,Stock certificates,"35,018",0,0,"24,944,382",0.14,"334,851,900",0,0,"230,270,186,870",0.15
2018-06-05,108380,DAYANG,Stock certificates,"1,040",0,0,"54,105",1.92,"13,988,000",0,0,"727,944,450",1.92
2018-06-05,006580,DaeyangPaper,Stock certificates,0,0,0,"62,210",0.00,0,0,0,"205,291,370",0.00
2018-06-05,007680,DAEWON,Stock certificates,0,0,0,"37,164",0.00,0,0,0,"471,149,050",0.00
2018-06-05,048910,DAEWON MEDIA,Stock certificates,0,0,0,"116,486",0.00,0,0,0,"1,084,917,420",0.00
2018-06-05,005710,Daewonsanup,Stock certificates,21,0,0,"32,924",0.06,"150,010",0,0,"233,792,210",0.06
2018-06-05,071460,DAYOU WINIA,Stock certificates,"2,976",0,0,"227,622",1.31,"10,462,915",0,0,"783,897,530",1.33
2018-06-05,120240,DAEJUNG C&M,Stock certificates,0,0,0,"17,490",0.00,0,0,0,"253,377,850",0.00
2018-06-05,003310,Daejoo,Stock certificates,223,0,0,"883,563",0.03,"425,645",0,0,"1,686,775,355",0.03
2018-06-05,078600,DAEJOO,Stock certificates,347,0,0,"137,238",0.25,"8,081,600",0,0,"3,169,633,400",0.25
2018-06-05,065690,DAEJIN DMP,Stock certificates,0,0,0,"240,561",0.00,0,0,0,"1,165,053,170",0.00
2018-06-05,096350,DSOL,Stock certificates,"10,877",0,0,"1,901,320",0.57,"42,837,785",0,0,"7,189,003,865",0.60
2018-06-05,140520,DaeChang Steel,Stock certificates,682,0,0,"310,569",0.22,"3,246,355",0,0,"1,446,759,080",0.22
2018-06-05,131220,DAIHAN Scientific,Stock certificates,628,0,0,"107,324",0.59,"3,944,110",0,0,"677,614,470",0.58
2018-06-05,010170,TaihanFiberoptics,Stock certificates,"23,260",0,0,"1,609,405",1.45,"173,019,150",0,0,"11,999,501,240",1.44
2018-06-05,054670,DHNP,Stock certificates,190,0,0,"153,539",0.12,"3,143,600",0,0,"2,542,701,750",0.12
2018-06-05,023910,DaihanPharm,Stock certificates,0,0,0,"14,900",0.00,0,0,0,"663,697,650",0.00
2018-06-05,021040,DAEHO P&C,Stock certificates,0,0,0,"1,540,430",0.00,0,0,0,"2,203,185,410",0.00
2018-06-05,021045,DAEHO P&C(1P),Stock certificates,0,0,0,"552,100",0.00,0,0,0,"1,086,447,410",0.00
2018-06-05,067080,DH PHARM,Stock certificates,"1,377",0,0,"74,565",1.85,"33,086,300",0,0,"1,791,092,400",1.85
2018-06-05,192080,DoubleUGames,Stock certificates,"6,302",0,0,"116,619",5.40,"343,733,100",0,0,"6,316,930,600",5.44
2018-06-05,035290,WFM,Stock certificates,"13,183",0,0,"466,639",2.83,"56,436,115",0,0,"1,977,008,315",2.85
2018-06-05,213420,DUK SAN NEOLUX,Stock certificates,"81,149",0,0,"882,050",9.20,"1,467,323,700",0,0,"15,969,072,900",9.19
2018-06-05,077360,DSHM,Stock certificates,0,0,0,"32,535",0.00,0,0,0,"240,679,620",0.00
2018-06-05,090410,Duckshin Housing,Stock certificates,"3,589",0,0,"267,657",1.34,"6,661,020",0,0,"493,605,790",1.35
2018-06-05,263600,DERKWOO ELECTRONICS,Stock certificates,"1,141",0,0,"116,798",0.98,"17,593,850",0,0,"1,794,032,500",0.98
2018-06-05,194480,Devsisters,Stock certificates,15,0,0,"38,833",0.04,"228,850",0,0,"581,842,100",0.04
2018-06-05,263800,DATASOLUTION,Stock certificates,58,0,0,"321,830",0.02,"215,570",0,0,"1,274,782,625",0.02
2018-06-05,139050,DAYLIBC,Stock certificates,"5,237",0,0,"174,212",3.01,"17,324,435",0,0,"582,014,550",2.98
2018-06-05,017680,DECO&E,Stock certificates,"6,302",0,0,"8,443,510",0.07,"5,008,736",0,0,"6,712,118,812",0.07
2018-06-05,206560,Dexter studios,Stock certificates,"1,914",0,0,"690,383",0.28,"19,080,530",0,0,"6,907,924,370",0.28
2018-06-05,067990,DEUTSCH MOTORS INC.,Stock certificates,"1,986",0,0,"177,405",1.12,"13,212,600",0,0,"1,182,178,670",1.12
2018-06-05,006620,DongKoo Bio & Pharma,Stock certificates,0,0,0,"140,278",0.00,0,0,0,"4,493,856,300",0.00
2018-06-05,100130,Dongkuk S&C,Stock certificates,"33,483",0,0,"232,183",14.42,"167,667,385",0,0,"1,156,169,755",14.50
2018-06-05,005160,DONGKUK,Stock certificates,"1,900",0,0,"48,115",3.95,"6,831,115",0,0,"172,874,875",3.95
2018-06-05,075970,DONGKUK R&S,Stock certificates,"1,894",0,0,"441,537",0.43,"5,369,490",0,0,"1,228,203,300",0.44
2018-06-05,086450,DongKook Pharm,Stock certificates,6,0,0,"15,163",0.04,"367,800",0,0,"930,848,400",0.04
2018-06-05,099410,DBSM,Stock certificates,0,0,0,"346,739",0.00,0,0,0,"814,558,980",0.00
2018-06-05,226440,DONGBU SPAC III,Stock certificates,0,0,0,"1,196,901",0.00,0,0,0,"3,861,412,785",0.00
2018-06-05,281740,DONGBU No.5 SPAC,Stock certificates,0,0,0,"19,448",0.00,0,0,0,"39,915,810",0.00
2018-06-05,230490,DONGBU SPAC IV,Stock certificates,0,0,0,"27,759",0.00,0,0,0,"56,940,950",0.00
2018-06-05,033500,DONGSUNG FINETEC,Stock certificates,"12,376",0,0,"111,768",11.07,"78,617,380",0,0,"714,516,900",11.00
2018-06-05,025950,DongshinE&C,Stock certificates,0,0,0,"109,435",0.00,0,0,0,"1,102,446,250",0.00
2018-06-05,088130,DONG A ELTEK,Stock certificates,40,0,0,"105,433",0.04,"420,700",0,0,"1,106,739,200",0.04
2018-06-05,041930,DONGAHWASUNG,Stock certificates,0,0,0,"40,893",0.00,0,0,0,"180,936,150",0.00
2018-06-05,060380,DY S·TEC,Stock certificates,0,0,0,"56,584",0.00,0,0,0,"203,577,205",0.00
2018-06-05,079960,DONGYANG E&P,Stock certificates,0,0,0,"8,879",0.00,0,0,0,"100,034,350",0.00
2018-06-05,228340,TONGYANG PILE,Stock certificates,0,0,0,"93,673",0.00,0,0,0,"488,805,480",0.00
2018-06-05,104460,DYP&F,Stock certificates,0,0,0,"21,907",0.00,0,0,0,"87,808,505",0.00
2018-06-05,088910,DONGWOO FARM TO TABLE,Stock certificates,0,0,0,"174,991",0.00,0,0,0,"729,734,465",0.00
2018-06-05,094170,DONGWOON ANATECH,Stock certificates,0,0,0,"49,213",0.00,0,0,0,"833,990,850",0.00
2018-06-05,013120,Dongwon,Stock certificates,"1,589",0,0,"201,815",0.79,"6,958,335",0,0,"886,321,090",0.79
2018-06-05,109860,DONGIL METAL,Stock certificates,"6,445",0,0,"188,687",3.42,"74,825,350",0,0,"2,183,992,450",3.43
2018-06-05,032960,DongilTech,Stock certificates,0,0,0,212,0.00,0,0,0,"2,693,750",0.00
2018-06-05,023790,DongilSteel,Stock certificates,0,0,0,"40,591",0.00,0,0,0,"196,581,570",0.00
2018-06-05,005290,DONGJIN,Stock certificates,"40,096",0,0,"1,452,423",2.76,"660,518,350",0,0,"23,934,069,400",2.76
2018-06-05,025900,DONGWHA ENTERPRISE,Stock certificates,"1,782",0,0,"17,685",10.08,"60,352,950",0,0,"597,718,950",10.10
2018-06-05,078590,DUAL,Stock certificates,301,0,0,"190,982",0.16,"802,810",0,0,"502,936,135",0.16
2018-06-05,073190,DUOBACK,Stock certificates,0,0,0,"21,310",0.00,0,0,0,"50,519,495",0.00
2018-06-05,030350,Dragonfly,Stock certificates,870,0,0,"118,940",0.73,"4,602,930",0,0,"622,163,090",0.74
2018-06-05,203650,Dream Security,Stock certificates,0,0,0,"302,380",0.00,0,0,0,"1,738,635,920",0.00
2018-06-05,217620,Didim,Stock certificates,0,0,0,"34,620",0.00,0,0,0,"71,546,190",0.00
2018-06-05,187870,Device ENG,Stock certificates,14,0,0,"75,530",0.02,"111,900",0,0,"598,317,270",0.02
2018-06-05,066670,DTC,Stock certificates,0,0,0,"66,346",0.00,0,0,0,"272,541,900",0.00
2018-06-05,214680,DRTECH,Stock certificates,"12,525",0,0,"1,232,175",1.02,"24,501,440",0,0,"2,397,626,380",1.02
2018-06-05,263720,D&C MEDIA,Stock certificates,368,0,0,"85,875",0.43,"4,954,500",0,0,"1,153,424,950",0.43
2018-06-05,109740,DSK,Stock certificates,0,0,0,0,0.00,0,0,0,0,0.00
2018-06-05,033430,DST,Stock certificates,360,0,0,"86,144",0.42,"2,049,950",0,0,"495,894,790",0.41
2018-06-05,090710,DST ROBOT,Stock certificates,"22,439",0,0,"2,597,006",0.86,"40,640,230",0,0,"4,618,536,785",0.88
2018-06-05,131030,DHP,Stock certificates,"7,005",0,0,"415,951",1.68,"96,592,550",0,0,"5,708,300,350",1.69
2018-06-05,196490,DAT,Stock certificates,"1,035",0,0,"111,624",0.93,"18,387,950",0,0,"1,981,516,950",0.93
2018-06-05,066900,DAP,Stock certificates,0,0,0,"24,059",0.00,0,0,0,"82,814,050",0.00
2018-06-05,127120,DNALINK,Stock certificates,91,0,0,"16,210",0.56,"612,460",0,0,"108,905,150",0.56
2018-06-05,092070,DNF,Stock certificates,574,0,0,"75,434",0.76,"7,026,400",0,0,"909,417,950",0.77
2018-06-05,101000,DMC,Stock certificates,0,0,0,0,0.00,0,0,0,0,0.00
2018-06-05,134580,DMT,Stock certificates,0,0,0,"50,712",0.00,0,0,0,"155,096,000",0.00
2018-06-05,039840,DIO,Stock certificates,"4,400",0,0,"19,673",22.37,"166,441,800",0,0,"744,529,050",22.36
2018-06-05,079810,DE&T,Stock certificates,0,0,0,"14,990",0.00,0,0,0,"50,803,150",0.00
2018-06-05,113810,Dgenx,Stock certificates,"22,221",0,0,"195,500",11.37,"35,113,195",0,0,"307,328,285",11.43
2018-06-05,11381018,DGENX 9R,Subscription right certificates,0,0,0,"421,136",0.00,0,0,0,"106,824,450",0.00
2018-06-05,043360,DGI,Stock certificates,0,0,0,"63,529",0.00,0,0,0,"220,590,840",0.00
2018-06-05,106520,Digital Optics,Stock certificates,"5,048",0,0,"595,700",0.85,"8,499,620",0,0,"1,000,478,750",0.85
2018-06-05,068930,Digital DS,Stock certificates,0,0,0,"39,887",0.00,0,0,0,"187,747,650",0.00
2018-06-05,033130,DChosun,Stock certificates,0,0,0,"382,600",0.00,0,0,0,"936,189,200",0.00
2018-06-05,033310,DK D&I,Stock certificates,465,0,0,"69,326",0.67,"1,088,100",0,0,"159,230,630",0.68
2018-06-05,105740,DK-Lok,Stock certificates,962,0,0,"647,772",0.15,"9,002,050",0,0,"6,076,720,050",0.15
2018-06-05,187220,DTNC,Stock certificates,"1,206",0,0,"107,148",1.13,"15,242,350",0,0,"1,350,085,600",1.13
2018-06-05,131180,DILLI,Stock certificates,720,0,0,"160,010",0.45,"1,762,490",0,0,"387,480,450",0.45
2018-06-05,042510,RaonSecure,Stock certificates,"2,610",0,0,"179,553",1.45,"8,230,980",0,0,"565,346,305",1.46
2018-06-05,050120,LIVEPLEX,Stock certificates,"43,817",0,0,"1,658,635",2.64,"48,434,280",0,0,"1,826,760,635",2.65
2018-06-05,171120,LION CHEMTECH,Stock certificates,80,0,0,"8,835",0.91,"884,350",0,0,"97,515,750",0.91
2018-06-05,069540,LIGHTRON,Stock certificates,133,0,0,"85,189",0.16,"1,077,540",0,0,"695,520,730",0.15
2018-06-05,171010,RAM TECH,Stock certificates,0,0,0,"85,327",0.00,0,0,0,"433,108,500",0.00
2018-06-05,084650,LabGen,Stock certificates,291,0,0,"56,832",0.51,"3,070,050",0,0,"595,156,000",0.52
2018-06-05,217500,RUSSELL,Stock certificates,0,0,0,"460,721",0.00,0,0,0,"1,608,715,065",0.00
2018-06-05,141080,LegoChem Bio,Stock certificates,"3,026",0,0,"55,049",5.50,"143,575,500",0,0,"2,611,480,900",5.50
2018-06-05,060300,REDROVER,Stock certificates,"20,294",0,0,"2,014,871",1.01,"73,952,955",0,0,"7,443,969,810",0.99
2018-06-05,038390,RedcapTour,Stock certificates,1,0,0,"5,127",0.02,"16,650",0,0,"84,603,750",0.02
2018-06-05,228850,RAYENCE,Stock certificates,0,0,0,"99,912",0.00,0,0,0,"2,087,101,600",0.00
2018-06-05,047440,RAYGEN,Stock certificates,0,0,0,0,0.00,0,0,0,0,0.00
2018-06-05,238120,LogosBio,Stock certificates,0,0,0,"14,061",0.00,0,0,0,"201,802,300",0.00
2018-06-05,215100,RoboRobo,Stock certificates,0,0,0,"52,241",0.00,0,0,0,"142,063,530",0.00
2018-06-05,090360,Robostar,Stock certificates,"15,070",0,0,"462,594",3.26,"531,697,500",0,0,"16,144,324,900",3.29
2018-06-05,900260,Rothwell,Foreign stock certificates,"1,026",0,0,"341,183",0.30,"1,816,020",0,0,"607,360,645",0.30
2018-06-05,067730,LOGISYS,Stock certificates,0,0,0,"71,635",0.00,0,0,0,"252,414,325",0.00
2018-06-05,071280,RORZE,Stock certificates,0,0,0,"18,993",0.00,0,0,0,"72,026,910",0.00
2018-06-05,038060,LUMENS,Stock certificates,"16,444",0,0,"609,532",2.70,"69,858,355",0,0,"2,585,126,950",2.70
2018-06-05,082800,LUMIMICRO,Stock certificates,"1,006",0,0,"1,193,309",0.08,"2,766,560",0,0,"3,248,276,875",0.09
2018-06-05,08280218,LUMIMICRO 5WR,Subscription right warrants,0,0,0,"1,016",0.00,0,0,0,"1,694,540",0.00
2018-06-05,085370,Lutronic,Stock certificates,30,0,0,"161,034",0.02,"465,650",0,0,"2,517,080,950",0.02
2018-06-05,08537M,Lutronic(3PC),Stock certificates,0,0,0,15,0.00,0,0,0,"311,750",0.00
2018-06-05,060240,LONGTU KOREA,Stock certificates,374,0,0,"95,040",0.39,"2,325,210",0,0,"591,866,360",0.39
2018-06-05,058470,LEENO,Stock certificates,"1,538",0,0,"25,915",5.93,"97,737,900",0,0,"1,648,554,500",5.93
2018-06-05,039980,LEENOS,Stock certificates,"18,861",0,0,"826,262",2.28,"55,538,905",0,0,"2,469,610,315",2.25
2018-06-05,016100,LEADERS COSMETICS,Stock certificates,"4,815",0,0,"96,744",4.98,"92,156,300",0,0,"1,847,961,500",4.99
2018-06-05,197210,LEED,Stock certificates,"18,709",0,0,"3,021,481",0.62,"57,723,195",0,0,"9,419,628,995",0.61
2018-06-05,012700,LEADCORP,Stock certificates,"1,343",0,0,"26,288",5.11,"8,202,060",0,0,"160,381,650",5.11
2018-06-05,131100,Lichem,Stock certificates,7,0,0,"18,120",0.04,"150,100",0,0,"385,761,100",0.04
2018-06-05,277070,Lindeman Asia,Stock certificates,0,0,0,"61,238",0.00,0,0,0,"470,617,760",0.00
2018-06-05,042500,RingNet,Stock certificates,"27,898",0,0,"4,203,884",0.66,"132,874,330",0,0,"21,256,950,655",0.63
2018-06-05,219420,Linkgenesis,Stock certificates,"8,347",0,0,"4,205,128",0.20,"75,844,550",0,0,"42,137,171,390",0.18
2018-06-05,098120,MCS,Stock certificates,0,0,0,"69,242",0.00,0,0,0,"301,262,940",0.00
2018-06-05,147760,Micro Friend,Stock certificates,0,0,0,"25,145",0.00,0,0,0,"182,544,620",0.00
2018-06-05,035480,Majestar,Stock certificates,0,0,0,0,0.00,0,0,0,0,0.00
2018-06-05,038290,Macrogen,Stock certificates,"1,838",0,0,"47,030",3.91,"72,596,600",0,0,"1,858,198,750",3.91
2018-06-05,267980,Maeil Dairies,Stock certificates,92,0,0,"46,731",0.20,"8,260,600",0,0,"4,205,701,900",0.20
2018-06-05,005990,MAEIL HOLDINGS,Stock certificates,198,0,0,"33,804",0.59,"3,157,400",0,0,"537,893,600",0.59
2018-06-05,127160,MM,Stock certificates,"16,863",0,0,"1,207,864",1.40,"78,656,475",0,0,"5,509,682,540",1.43
2018-06-05,093520,MAKUS,Stock certificates,"5,311",0,0,"419,459",1.27,"27,151,880",0,0,"2,151,664,080",1.26
2018-06-05,141070,MAXROTEC,Stock certificates,0,0,0,"223,988",0.00,0,0,0,"384,389,850",0.00
2018-06-05,14107217,MAXROTEC 2WR,Subscription right warrants,0,0,0,"9,651",0.00,0,0,0,"3,588,362",0.00
2018-06-05,067280,Multicampus,Stock certificates,0,0,0,"3,924",0.00,0,0,0,"145,694,800",0.00
2018-06-05,072870,megastudy,Stock certificates,221,0,0,"37,002",0.60,"12,724,300",0,0,"2,139,726,800",0.59
2018-06-05,215200,megastudyEdu,Stock certificates,90,0,0,"14,575",0.62,"14,377,500",0,0,"2,327,142,000",0.62
2018-06-05,133750,MegaMD,Stock certificates,"12,611",0,0,"2,631,459",0.48,"47,144,560",0,0,"9,721,751,585",0.48
2018-06-05,041920,MEDIANA,Stock certificates,0,0,0,"12,035",0.00,0,0,0,"110,351,970",0.00
2018-06-05,086900,MedyTox,Stock certificates,"1,069",0,0,"15,633",6.84,"812,532,100",0,0,"11,881,330,000",6.84
2018-06-05,078160,MEDIPOST,Stock certificates,"5,220",0,0,"87,231",5.98,"545,421,300",0,0,"9,096,914,300",6.00
2018-06-05,065650,Medifron DBT,Stock certificates,"4,861",0,0,"374,748",1.30,"33,704,080",0,0,"2,581,101,040",1.31
2018-06-05,021880,MASON CAPITAL,Stock certificates,0,0,0,"825,366",0.00,0,0,0,"390,508,750",0.00
2018-06-05,140410,Mezzion Pharma,Stock certificates,"2,446",0,0,"54,602",4.48,"132,527,300",0,0,"2,967,104,600",4.47
2018-06-05,241770,MECARO,Stock certificates,13,0,0,"35,881",0.04,"464,000",0,0,"1,275,547,450",0.04
2018-06-05,059210,META,Stock certificates,"3,454",0,0,"508,077",0.68,"17,630,160",0,0,"2,579,896,650",0.68
2018-06-05,058110,MEKICS,Stock certificates,0,0,0,"17,581",0.00,0,0,0,"108,516,370",0.00
2018-06-05,096640,MELFAS,Stock certificates,0,0,0,"18,049",0.00,0,0,0,"66,654,500",0.00
2018-06-05,149940,Moda,Stock certificates,0,0,0,0,0.00,0,0,0,0,0.00
2018-06-05,080420,Moda-InnoChips,Stock certificates,662,0,0,"16,814",3.94,"5,555,340",0,0,"140,909,720",3.94
2018-06-05,080160,MODETOUR,Stock certificates,"24,564",0,0,"114,364",21.48,"782,783,950",0,0,"3,648,550,600",21.45
2018-06-05,100030,Mobileleader,Stock certificates,0,0,0,"6,467",0.00,0,0,0,"70,310,250",0.00
2018-06-05,087260,MA,Stock certificates,"5,822",0,0,"65,127",8.94,"37,652,940",0,0,"421,133,750",8.94
2018-06-05,101330,MOBASE,Stock certificates,"2,051",0,0,"209,920",0.98,"10,910,930",0,0,"1,121,516,300",0.97
2018-06-05,250060,Mobiis,Stock certificates,57,0,0,"776,159",0.01,"144,140",0,0,"1,946,819,320",0.01
2018-06-05,033200,MOATECH,Stock certificates,0,0,0,"4,889",0.00,0,0,0,"22,713,935",0.00
2018-06-05,118990,MOTREX,Stock certificates,190,0,0,"46,070",0.41,"6,892,850",0,0,"1,676,897,900",0.41
2018-06-05,006920,Mohenz,Stock certificates,"1,311",0,0,"270,144",0.49,"9,088,660",0,0,"1,868,264,210",0.49
2018-06-05,001810,M.S,Stock certificates,800,0,0,"209,203",0.38,"2,769,405",0,0,"718,784,935",0.39
2018-06-05,161570,Midong & Cinema,Stock certificates,"5,279",0,0,"1,109,491",0.48,"28,970,190",0,0,"5,951,181,390",0.49
2018-06-05,028040,MIRAE SCI,Stock certificates,"5,230",0,0,"864,834",0.60,"38,612,990",0,0,"6,484,759,370",0.60
2018-06-05,095500,MNtech,Stock certificates,0,0,0,"51,536",0.00,0,0,0,"210,133,060",0.00
2018-06-05,218150,MILAE BIORESOURCES,Stock certificates,"1,544",0,0,"212,208",0.73,"6,649,290",0,0,"906,597,425",0.73
2018-06-05,265480,MIRAE ASSET DAEWOO SPAC 1,Stock certificates,0,0,0,"3,526",0.00,0,0,0,"7,276,410",0.00
2018-06-05,239340,M-5 SPAC,Stock certificates,0,0,0,"5,093",0.00,0,0,0,"10,445,650",0.00
2018-06-05,049950,meerecompany,Stock certificates,504,0,0,"34,981",1.44,"78,447,400",0,0,"5,461,149,900",1.44
2018-06-05,213090,MIRAE TECH,Stock certificates,0,0,0,"2,950",0.00,0,0,0,"29,474,210",0.00
2018-06-05,207760,Mr. Blue,Stock certificates,95,0,0,"116,729",0.08,"317,300",0,0,"389,574,765",0.08
2018-06-05,059090,MiCo,Stock certificates,"2,535",0,0,"183,049",1.38,"11,525,525",0,0,"833,925,445",1.38
2018-06-05,201490,Me2on,Stock certificates,"19,172",0,0,"3,906,810",0.49,"166,996,660",0,0,"33,006,192,470",0.51
2018-06-05,214180,Minwise,Stock certificates,"1,232",0,0,"124,636",0.99,"26,108,250",0,0,"2,644,050,650",0.99
2018-06-05,206640,Boditech,Stock certificates,"3,302",0,0,"86,899",3.80,"49,816,800",0,0,"1,303,323,450",3.82
2018-06-05,018700,Barunson,Stock certificates,0,0,0,"37,050",0.00,0,0,0,"118,401,525",0.00
2018-06-05,035620,Barunson E&A,Stock certificates,"6,818",0,0,"464,440",1.47,"11,878,235",0,0,"804,106,450",1.48
2018-06-05,064520,BARUN,Stock certificates,"1,507",0,0,"593,356",0.25,"1,974,530",0,0,"781,558,715",0.25
2018-06-05,029480,BARUN Technology,Stock certificates,0,0,0,"143,671",0.00,0,0,0,"120,696,106",0.00
2018-06-05,053030,Binex,Stock certificates,"13,302",0,0,"289,769",4.59,"168,828,700",0,0,"3,673,639,250",4.60
2018-06-05,084990,ViroMed,Stock certificates,"32,056",0,0,"257,409",12.45,"7,973,151,200",0,0,"64,073,136,100",12.44
2018-06-05,064550,BIONEER,Stock certificates,"5,547",0,0,"306,002",1.81,"64,491,600",0,0,"3,562,115,450",1.81
2018-06-05,222810,BIO NICSGENE,Stock certificates,"1,034",0,0,"202,473",0.51,"9,678,880",0,0,"1,900,273,150",0.51
2018-06-05,208710,BIOLOG DEVICE,Stock certificates,0,0,0,"147,966",0.00,0,0,0,"352,372,840",0.00
2018-06-05,142760,BLS,Stock certificates,"15,239",0,0,"682,854",2.23,"280,837,200",0,0,"12,634,762,400",2.22
2018-06-05,065940,BIOVILL,Stock certificates,"2,032",0,0,"365,159",0.56,"6,526,325",0,0,"1,154,619,105",0.57
2018-06-05,038460,BioSmart,Stock certificates,"1,271",0,0,"169,541",0.75,"7,420,600",0,0,"987,079,870",0.75
2018-06-05,044480,BIOGENETICS,Stock certificates,201,0,0,"24,581",0.82,"2,827,350",0,0,"343,571,200",0.82
2018-06-05,086040,Biotoxtech,Stock certificates,750,0,0,"179,877",0.42,"12,056,700",0,0,"2,851,904,150",0.42
2018-06-05,032980,BYON,Stock certificates,"18,823",0,0,"4,291,671",0.44,"55,988,385",0,0,"13,049,749,590",0.43
2018-06-05,043150,VATECH,Stock certificates,"2,098",0,0,"28,590",7.34,"75,260,550",0,0,"1,030,049,450",7.31
2018-06-05,267790,BARREL,Stock certificates,0,0,0,"149,224",0.00,0,0,0,"3,493,366,200",0.00
2018-06-05,046310,BG T&A,Stock certificates,"5,927",0,0,"2,521,425",0.24,"25,156,125",0,0,"10,449,188,950",0.24
2018-06-05,036620,VirtualTek,Stock certificates,694,0,0,"199,428",0.35,"1,124,010",0,0,"320,670,430",0.35
2018-06-05,03662216,VirtualTek 2WR,Subscription right warrants,0,0,0,5,0.00,0,0,0,"5,025",0.00
2018-06-05,177350,Vessel,Stock certificates,0,0,0,"206,467",0.00,0,0,0,"1,284,087,070",0.00
2018-06-05,225530,BoKwang Industry,Stock certificates,"2,227",0,0,"2,726,619",0.08,"17,603,470",0,0,"21,755,155,180",0.08
2018-06-05,250000,BORATR,Stock certificates,0,0,0,"9,446",0.00,0,0,0,"112,694,750",0.00
2018-06-05,014100,BRM,Stock certificates,"2,891",0,0,"87,017",3.32,"38,079,150",0,0,"1,144,037,450",3.33
2018-06-05,006910,BOSUNG POWER,Stock certificates,"12,873",0,0,"1,748,464",0.74,"54,090,140",0,0,"7,322,412,185",0.74
2018-06-05,014470,Bubang,Stock certificates,0,0,0,"55,637",0.00,0,0,0,"162,519,470",0.00
2018-06-05,008470,BOOSTER,Stock certificates,0,0,0,"19,277",0.00,0,0,0,"117,616,130",0.00
2018-06-05,100120,Vieworks,Stock certificates,"1,568",0,0,"28,444",5.51,"49,732,050",0,0,"902,407,400",5.51
2018-06-05,066980,"Brain Contents CO.,LTD.",Stock certificates,"35,784",0,0,"5,727,390",0.62,"41,013,315",0,0,"6,638,421,230",0.62
2018-06-05,064480,BRIDGETEC,Stock certificates,0,0,0,"23,326",0.00,0,0,0,"94,956,140",0.00
2018-06-05,251630,V-ONE TECH,Stock certificates,"4,958",0,0,"281,248",1.76,"139,931,550",0,0,"7,874,011,500",1.78
2018-06-05,033560,BLUECOM,Stock certificates,0,0,0,"52,816",0.00,0,0,0,"287,927,340",0.00
2018-06-05,121800,Vidente,Stock certificates,"7,568",0,0,"361,517",2.09,"103,062,400",0,0,"4,928,355,400",2.09
2018-06-05,148140,BDI,Stock certificates,0,0,0,"44,048",0.00,0,0,0,"762,732,100",0.00
2018-06-05,200780,BCWORLDPHARM,Stock certificates,"1,599",0,0,"47,561",3.36,"49,436,750",0,0,"1,468,871,600",3.37
2018-06-05,141000,Viatron,Stock certificates,"10,312",0,0,"381,479",2.70,"150,394,450",0,0,"5,552,777,950",2.71
2018-06-05,090460,BH,Stock certificates,"98,668",0,0,"726,995",13.57,"2,795,731,900",0,0,"20,658,193,150",13.53
2018-06-05,083650,BHI,Stock certificates,"1,427",0,0,"168,951",0.84,"7,731,480",0,0,"905,114,620",0.85
2018-06-05,086670,BMT,Stock certificates,4,0,0,"72,461",0.01,"41,600",0,0,"759,439,900",0.01
2018-06-05,138580,BusinessOn,Stock certificates,0,0,0,"222,655",0.00,0,0,0,"3,878,754,000",0.00
2018-06-05,082920,VITCELL,Stock certificates,0,0,0,0,0.00,0,0,0,0,0.00
2018-06-05,054220,VitzroSys,Stock certificates,"1,416",0,0,"3,657,040",0.04,"3,093,060",0,0,"7,907,561,940",0.04
2018-06-05,042370,Vitzro Tech,Stock certificates,569,0,0,"90,398",0.63,"5,218,290",0,0,"829,405,800",0.63
2018-06-05,032850,BITComputer,Stock certificates,"5,518",0,0,"734,736",0.75,"33,018,940",0,0,"4,454,153,450",0.74
2018-06-05,093190,Bixolon,Stock certificates,0,0,0,"156,795",0.00,0,0,0,"1,107,790,260",0.00
2018-06-05,065450,VICTEK,Stock certificates,"1,008",0,0,"2,391,137",0.04,"3,326,400",0,0,"7,730,628,470",0.04
2018-06-05,072950,VISSEM,Stock certificates,87,0,0,"85,954",0.10,"592,470",0,0,"573,507,640",0.10
2018-06-05,143240,SaraminHR,Stock certificates,"1,545",0,0,"20,587",7.50,"28,625,200",0,0,"380,156,800",7.53
2018-06-05,100090,SAMKANG M&T,Stock certificates,"1,662",0,0,"495,696",0.34,"9,707,790",0,0,"2,873,328,370",0.34
2018-06-05,122350,SAMKEE,Stock certificates,937,0,0,"148,249",0.63,"3,230,710",0,0,"512,575,270",0.63
2018-06-05,014970,Samryoong,Stock certificates,"3,157",0,0,"2,123,560",0.15,"24,056,620",0,0,"15,897,749,230",0.15
2018-06-05,018310,SAMMOK S-FORM,Stock certificates,900,0,0,"155,681",0.58,"17,022,150",0,0,"2,938,192,950",0.58
2018-06-05,053700,SAMBO MOTORS,Stock certificates,"5,470",0,0,"70,987",7.71,"49,150,370",0,0,"636,207,270",7.73
2018-06-05,009620,SAMBO IND,Stock certificates,4,0,0,"20,570",0.02,"31,110",0,0,"158,873,210",0.02
2018-06-05,023600,SAMBO CORR,Stock certificates,0,0,0,"14,785",0.00,0,0,0,"145,849,110",0.00
2018-06-05,111870,SAMBON P&E,Stock certificates,46,0,0,"193,604",0.02,"724,650",0,0,"3,011,054,450",0.02
2018-06-05,009300,Sam-A Pharm.,Stock certificates,32,0,0,"10,913",0.29,"659,750",0,0,"224,473,250",0.29
2018-06-05,225190,SAMYANG OPTICS,Stock certificates,0,0,0,"10,355",0.00,0,0,0,"183,315,150",0.00
2018-06-05,054540,SYMTEK,Stock certificates,"4,041",0,0,"194,759",2.07,"19,118,470",0,0,"925,358,760",2.07
2018-06-05,065570,Samyung ENC,Stock certificates,28,0,0,"4,062",0.69,"211,030",0,0,"30,410,240",0.69
2018-06-05,082660,SamwooEms,Stock certificates,"8,147",0,0,"303,101",2.69,"6,562,360",0,0,"245,797,052",2.67
2018-06-05,073640,SAM WON TECH,Stock certificates,"5,926",0,0,"411,525",1.44,"15,275,095",0,0,"1,054,968,885",1.45
2018-06-05,032280,SamIl,Stock certificates,243,0,0,"288,797",0.08,"646,380",0,0,"753,078,715",0.09
2018-06-05,002290,SAMIL ENTERPRISE,Stock certificates,252,0,0,"48,472",0.52,"932,400",0,0,"178,854,940",0.52
2018-06-05,037460,SAMJI ELECT,Stock certificates,601,0,0,"147,937",0.41,"7,817,650",0,0,"1,923,165,250",0.41
2018-06-05,032750,Samjin,Stock certificates,0,0,0,"14,829",0.00,0,0,0,"120,456,980",0.00
2018-06-05,054090,SAMJIN LND,Stock certificates,"71,600",0,0,"5,665,673",1.26,"213,568,940",0,0,"16,826,506,870",1.27
2018-06-05,000250,SCD,Stock certificates,"52,948",0,0,"522,924",10.13,"2,291,657,250",0,0,"22,863,762,300",10.02
2018-06-05,024950,SAMCHULY,Stock certificates,3,0,0,"40,734",0.01,"25,620",0,0,"341,787,130",0.01
2018-06-05,038500,SAMPYO Cement,Stock certificates,"35,188",0,0,"2,238,723",1.57,"211,698,010",0,0,"13,405,315,730",1.58
2018-06-05,017480,SAMSCO,Stock certificates,398,0,0,"251,528",0.16,"2,482,500",0,0,"1,583,292,130",0.16
2018-06-05,046390,SAMHWA NWS,Stock certificates,0,0,0,"163,317",0.00,0,0,0,"264,045,635",0.00
2018-06-05,027580,SBK,Stock certificates,916,0,0,"236,448",0.39,"1,931,145",0,0,"503,603,645",0.38
2018-06-05,02758217,SBK 2WR,Subscription right warrants,0,0,0,863,0.00,0,0,0,"326,697",0.00
2018-06-05,038540,Sangsangin,Stock certificates,"42,969",0,0,"161,185",26.66,"900,346,750",0,0,"3,385,701,500",26.59
2018-06-05,091580,SANGSIN EDP,Stock certificates,71,0,0,"193,857",0.04,"856,850",0,0,"2,354,747,550",0.04
2018-06-05,263810,Sangshin Electronics,Stock certificates,0,0,0,"20,753",0.00,0,0,0,"377,811,050",0.00
2018-06-05,089980,SFTC,Stock certificates,"2,545",0,0,"85,456",2.98,"38,374,250",0,0,"1,286,021,150",2.98
2018-06-05,042940,Sangji Caelum,Stock certificates,0,0,0,"108,791",0.00,0,0,0,"239,326,150",0.00
2018-06-05,042600,SERONICS,Stock certificates,328,0,0,"24,353",1.35,"2,222,800",0,0,"164,165,940",1.35
2018-06-05,263540,SAMCO,Stock certificates,0,0,0,"8,418",0.00,0,0,0,"58,345,590",0.00
2018-06-05,038070,SeouLin,Stock certificates,0,0,0,"26,212",0.00,0,0,0,"333,242,050",0.00
2018-06-05,006730,Seobu T&D,Stock certificates,"7,732",0,0,"189,375",4.08,"84,084,850",0,0,"2,058,461,900",4.08
2018-06-05,079650,Seosan,Stock certificates,"4,288",0,0,"397,658",1.08,"25,327,550",0,0,"2,330,144,010",1.09
2018-06-05,100660,SMI,Stock certificates,514,0,0,"622,648",0.08,"3,293,870",0,0,"3,936,512,290",0.08
2018-06-05,012860,SEOYON ELECTRONICS,Stock certificates,10,0,0,"133,902",0.01,"23,390",0,0,"311,442,115",0.01
2018-06-05,019770,SEOYON TOPMETAL,Stock certificates,"2,374",0,0,"1,551,835",0.15,"10,443,695",0,0,"6,863,671,815",0.15
2018-06-05,043710,SEOULEAGUER,Stock certificates,651,0,0,"42,520",1.53,"2,508,340",0,0,"163,340,435",1.54
2018-06-05,046890,SSC,Stock certificates,"75,860",0,0,"756,787",10.02,"1,600,642,650",0,0,"16,053,728,500",9.97
2018-06-05,063170,Seoul Auction,Stock certificates,"2,054",0,0,"49,059",4.19,"17,502,860",0,0,"415,968,580",4.21
2018-06-05,027040,SET,Stock certificates,0,0,0,"178,477",0.00,0,0,0,"222,561,020",0.00
2018-06-05,018680,SEOUL PHARMA,Stock certificates,175,0,0,"43,795",0.40,"1,952,950",0,0,"489,784,050",0.40
2018-06-05,093920,SWIT,Stock certificates,0,0,0,"22,908",0.00,0,0,0,"147,365,500",0.00
2018-06-05,189860,SJEM,Stock certificates,0,0,0,"102,376",0.00,0,0,0,"927,831,610",0.00
2018-06-05,178320,SEOJIN SYSTEM,Stock certificates,"2,167",0,0,"31,342",6.91,"70,251,100",0,0,"1,014,850,650",6.92
2018-06-05,122690,SAC,Stock certificates,0,0,0,"18,693",0.00,0,0,0,"57,980,015",0.00
2018-06-05,140070,SurplusGLOBAL,Stock certificates,466,0,0,"365,404",0.13,"2,168,050",0,0,"1,722,012,135",0.13
2018-06-05,011370,Seohan,Stock certificates,"8,455",0,0,"964,735",0.88,"20,050,845",0,0,"2,289,942,665",0.88
2018-06-05,065710,Seoho,Stock certificates,139,0,0,"100,539",0.14,"2,307,650",0,0,"1,664,145,750",0.14
2018-06-05,035890,SEOHEE CONSTRUCTION,Stock certificates,"121,368",0,0,"1,465,249",8.28,"147,615,510",0,0,"1,782,699,735",8.28
2018-06-05,003100,SUN KWANG,Stock certificates,15,0,0,"27,367",0.05,"340,300",0,0,"624,989,800",0.05
2018-06-05,123420,SundayToz,Stock certificates,"17,033",0,0,"517,988",3.29,"647,965,300",0,0,"19,673,563,100",3.29
2018-06-05,171090,SUNIC SYSTEM,Stock certificates,0,0,0,"11,444",0.00,0,0,0,"201,817,200",0.00
2018-06-05,014620,SKB,Stock certificates,"4,238",0,0,"65,337",6.49,"53,720,600",0,0,"828,664,300",6.48
2018-06-05,037350,SUNGDO ENG,Stock certificates,78,0,0,"75,852",0.10,"590,570",0,0,"579,104,230",0.10
2018-06-05,081580,SUNGWOO ELEC,Stock certificates,0,0,0,"42,476",0.00,0,0,0,"166,652,545",0.00
2018-06-05,045300,SUNGWOOTECH,Stock certificates,0,0,0,"32,983",0.00,0,0,0,"174,346,660",0.00
2018-06-05,015750,SW HITECH,Stock certificates,"224,352",0,0,"322,740",69.51,"1,123,882,790",0,0,"1,616,693,620",69.52
2018-06-05,01575018,SW HITECH 11R,Subscription right certificates,0,0,0,"463,587",0.00,0,0,0,"328,318,886",0.00
2018-06-05,080470,SCAutotech,Stock certificates,0,0,0,"42,403",0.00,0,0,0,"350,052,560",0.00
2018-06-05,043260,SUNGHO,Stock certificates,0,0,0,"366,048",0.00,0,0,0,"427,482,810",0.00
2018-06-05,053060,SAE DONG,Stock certificates,0,0,0,"145,202",0.00,0,0,0,"148,517,075",0.00
2018-06-05,017510,SemyungElec,Stock certificates,"21,846",0,0,"2,130,948",1.03,"278,686,600",0,0,"27,125,834,300",1.03
2018-06-05,214310,Semicon Light,Stock certificates,"11,936",0,0,"1,463,284",0.82,"30,179,150",0,0,"3,656,460,920",0.83
2018-06-05,011560,SEBO MEC,Stock certificates,20,0,0,"80,223",0.02,"312,900",0,0,"1,253,390,100",0.02
2018-06-05,100700,SEWOONMEDICAL,Stock certificates,"7,768",0,0,"71,226",10.91,"34,704,690",0,0,"315,436,840",11.00
2018-06-05,234100,Sewon,Stock certificates,92,0,0,"68,584",0.13,"2,083,250",0,0,"1,577,576,000",0.13
2018-06-05,024830,SewonCorp,Stock certificates,0,0,0,"5,580",0.00,0,0,0,"43,920,020",0.00
2018-06-05,258830,SEJONG MEDICAL,Stock certificates,0,0,0,"177,508",0.00,0,0,0,"4,707,698,550",0.00
2018-06-05,036630,SEJONG TELECOM,Stock certificates,0,0,0,"7,728,856",0.00,0,0,0,"5,038,488,922",0.00
2018-06-05,039310,SEJOONG,Stock certificates,"1,207",0,0,"169,985",0.71,"4,020,835",0,0,"560,376,030",0.72
2018-06-05,067770,SEJINTS,Stock certificates,0,0,0,"39,262",0.00,0,0,0,"132,977,010",0.00
2018-06-05,053450,SEKONIX,Stock certificates,897,0,0,"26,946",3.33,"8,927,120",0,0,"268,025,080",3.33
2018-06-05,252500,SEWHA P&C,Stock certificates,301,0,0,"461,252",0.07,"2,075,250",0,0,"3,203,875,790",0.06
2018-06-05,049180,CELLUMED,Stock certificates,"6,633",0,0,"852,123",0.78,"103,379,450",0,0,"13,082,809,000",0.79
2018-06-05,108860,SELVAS AI,Stock certificates,"1,386",0,0,"382,346",0.36,"7,804,970",0,0,"2,147,194,630",0.36
2018-06-05,208370,SELVAS Healthcare,Stock certificates,0,0,0,"35,293",0.00,0,0,0,"199,054,550",0.00
2018-06-05,068760,Celltrionph,Stock certificates,"50,128",0,0,"229,796",21.81,"4,415,894,200",0,0,"20,283,218,400",21.77
2018-06-05,091990,Celltrion Healthcare,Stock certificates,972,0,0,"430,095",0.23,"95,103,200",0,0,"42,220,552,400",0.23
2018-06-05,053110,SORIBADA,Stock certificates,583,0,0,"4,428,891",0.01,"1,401,550",0,0,"10,797,988,140",0.01
2018-06-05,032680,SOFTCEN,Stock certificates,0,0,0,"108,884",0.00,0,0,0,"217,351,600",0.00
2018-06-05,032685,SOFTCEN(1P),Stock certificates,0,0,0,"4,559",0.00,0,0,0,"112,486,200",0.00
2018-06-05,066910,SONOKONG,Stock certificates,0,0,0,"131,435",0.00,0,0,0,"416,239,440",0.00
2018-06-05,043100,SOLCO,Stock certificates,0,0,0,"1,027,834",0.00,0,0,0,"637,815,211",0.00
2018-06-05,154040,Solueta,Stock certificates,515,0,0,"113,821",0.45,"2,427,725",0,0,"529,464,870",0.46
2018-06-05,035610,SOLBORN,Stock certificates,"2,059",0,0,"31,688",6.50,"11,915,540",0,0,"183,281,980",6.50
2018-06-05,036830,Soulbrain,Stock certificates,"9,787",0,0,"182,150",5.37,"713,154,500",0,0,"13,265,701,900",5.38
2018-06-05,230980,Soltworks,Stock certificates,"8,087",0,0,"1,034,082",0.78,"31,134,755",0,0,"3,955,094,305",0.79
2018-06-05,086980,SHOWBOX,Stock certificates,"28,423",0,0,"246,822",11.52,"142,499,575",0,0,"1,236,880,610",11.52
2018-06-05,050960,SOOSAN INT,Stock certificates,128,0,0,"15,533",0.82,"1,104,700",0,0,"134,043,910",0.82
2018-06-05,084180,Soosung,Stock certificates,0,0,0,0,0.00,0,0,0,0,0.00
2018-06-05,236200,Suprema,Stock certificates,"3,438",0,0,"50,232",6.84,"79,023,350",0,0,"1,147,231,700",6.89
2018-06-05,094840,Suprema HQ,Stock certificates,85,0,0,"259,754",0.03,"578,000",0,0,"1,786,497,750",0.03
2018-06-05,192440,Spigen Korea,Stock certificates,609,0,0,"9,306",6.54,"28,798,950",0,0,"439,673,950",6.55
2018-06-05,099440,SMEC,Stock certificates,0,0,0,"440,488",0.00,0,0,0,"1,675,425,450",0.00
2018-06-05,033790,Skymoons Technology,Stock certificates,134,0,0,"10,339",1.30,"483,375",0,0,"37,121,030",1.30
2018-06-05,159910,Skin&Skin,Stock certificates,2,0,0,"528,457",0.00,"1,668",0,0,"432,327,748",0.00
2018-06-05,115570,STARFLEX,Stock certificates,0,0,0,"2,398",0.00,0,0,0,"13,363,070",0.00
2018-06-05,253450,Studio Dragon,Stock certificates,"1,212",0,0,"158,431",0.77,"132,909,400",0,0,"17,296,228,600",0.77
2018-06-05,013810,Speco,Stock certificates,"7,245",0,0,"2,062,863",0.35,"48,458,440",0,0,"14,379,423,280",0.34
2018-06-05,039670,Sports Seoul,Stock certificates,0,0,0,"3,015,401",0.00,0,0,0,"4,784,109,305",0.00
2018-06-05,049830,SEUNG IL,Stock certificates,164,0,0,"124,331",0.13,"2,361,600",0,0,"1,699,898,750",0.14
2018-06-05,020710,SIGONG TECH,Stock certificates,"9,182",0,0,"540,232",1.70,"77,164,530",0,0,"4,475,596,800",1.72
2018-06-05,033170,Signetics,Stock certificates,0,0,0,"927,520",0.00,0,0,0,"1,358,022,810",0.00
2018-06-05,048870,Synergy Innovation,Stock certificates,0,0,0,"406,733",0.00,0,0,0,"1,119,346,465",0.00
2018-06-05,025320,Synopex,Stock certificates,"45,801",0,0,"581,707",7.87,"156,069,870",0,0,"1,975,394,095",7.90
2018-06-05,269620,SYSWORK,Stock certificates,0,0,0,"159,943",0.00,0,0,0,"604,677,815",0.00
2018-06-05,131090,SECUVE,Stock certificates,0,0,0,"330,874",0.00,0,0,0,"719,173,000",0.00
2018-06-05,001000,SillaTextile,Stock certificates,438,0,0,"726,708",0.06,"1,550,760",0,0,"2,525,719,065",0.06
2018-06-05,025870,SILLA SG,Stock certificates,0,0,0,"21,402",0.00,0,0,0,"141,582,440",0.00
2018-06-05,215600,SillaJen,Stock certificates,"102,744",0,0,"2,110,623",4.87,"8,286,912,700",0,0,"171,776,545,900",4.82
2018-06-05,065350,SSDELTATECH,Stock certificates,865,0,0,"185,499",0.47,"3,754,580",0,0,"797,057,305",0.47
2018-06-05,056000,SINCETIMES,Stock certificates,0,0,0,"11,783",0.00,0,0,0,"31,987,375",0.00
2018-06-05,002800,SINSIN PHARM,Stock certificates,113,0,0,"56,222",0.20,"978,270",0,0,"485,180,680",0.20
2018-06-05,017000,ShinwonConst,Stock certificates,0,0,0,"275,854",0.00,0,0,0,"1,683,833,660",0.00
2018-06-05,012790,Shinil Pharm,Stock certificates,2,0,0,"15,329",0.01,"24,600",0,0,"188,494,850",0.01
2018-06-05,138070,SINJIN SM,Stock certificates,70,0,0,"18,381",0.38,"554,320",0,0,"145,502,680",0.38
2018-06-05,257730,Shinhan 3rd SPAC,Stock certificates,0,0,0,"53,169",0.00,0,0,0,"118,735,675",0.00
2018-06-05,277480,Shinhan 4th SPAC,Stock certificates,0,0,0,"1,373",0.00,0,0,0,"2,795,965",0.00
2018-06-05,056700,SHINWHA,Stock certificates,0,0,0,"173,985",0.00,0,0,0,"431,157,180",0.00
2018-06-05,187270,Shin Hwa Contech,Stock certificates,0,0,0,"26,661",0.00,0,0,0,"114,585,225",0.00
2018-06-05,243840,SHINHEUNG SEC,Stock certificates,0,0,0,"59,219",0.00,0,0,0,"2,458,679,400",0.00
2018-06-05,108320,Silicon Works,Stock certificates,"5,532",0,0,"96,292",5.75,"209,489,650",0,0,"3,653,956,900",5.73
2018-06-05,222800,SIMMTECH,Stock certificates,172,0,0,"118,899",0.14,"1,604,680",0,0,"1,109,024,050",0.14
2018-06-05,036710,SIMMTECH HOLDINGS,Stock certificates,0,0,0,"35,756",0.00,0,0,0,"80,540,945",0.00
2018-06-05,160980,CYMECHS,Stock certificates,0,0,0,"92,299",0.00,0,0,0,"1,207,134,000",0.00
2018-06-05,010280,SICC,Stock certificates,0,0,0,"143,608",0.00,0,0,0,"135,060,702",0.00
2018-06-05,122800,SUNTECH,Stock certificates,0,0,0,0,0.00,0,0,0,0,0.00
2018-06-05,208640,Thumbage,Stock certificates,"11,221",0,0,"4,322,183",0.26,"50,652,290",0,0,"19,928,176,645",0.25
2018-06-05,222420,CENOTEC,Stock certificates,"4,036",0,0,"1,889,363",0.21,"11,301,970",0,0,"5,414,805,405",0.21
2018-06-05,037760,CENIT,Stock certificates,99,0,0,"3,627,214",0.00,"284,195",0,0,"10,355,699,985",0.00
2018-06-05,136510,Semisysco,Stock certificates,0,0,0,"13,367",0.00,0,0,0,"142,424,950",0.00
2018-06-05,099320,SI,Stock certificates,296,0,0,"5,901",5.02,"8,613,300",0,0,"171,696,000",5.02
2018-06-05,049960,CBT,Stock certificates,20,0,0,"20,233",0.10,"806,850",0,0,"816,144,450",0.10
2018-06-05,050890,Solid,Stock certificates,"7,996",0,0,"1,370,902",0.58,"40,580,460",0,0,"6,993,575,700",0.58
2018-06-05,066790,CCS,Stock certificates,0,0,0,"823,631",0.00,0,0,0,"412,639,545",0.00
2018-06-05,06679217,CCS 1WR,Subscription right warrants,0,0,0,0,0.00,0,0,0,0,0.00
2018-06-05,222080,CIS,Stock certificates,54,0,0,"625,887",0.01,"136,905",0,0,"1,564,811,760",0.01
2018-06-05,264660,C&G Hitech,Stock certificates,3,0,0,"21,691",0.01,"47,850",0,0,"345,677,400",0.01
2018-06-05,115530,CNPLUS,Stock certificates,0,0,0,"219,412",0.00,0,0,0,"177,857,630",0.00
2018-06-05,225330,CMS Edu,Stock certificates,157,0,0,"47,523",0.33,"1,359,500",0,0,"412,006,760",0.33
2018-06-05,115480,CU MEDICAL,Stock certificates,"2,314",0,0,"517,010",0.45,"8,037,980",0,0,"1,777,340,935",0.45
2018-06-05,096530,SEEGENE,Stock certificates,"7,920",0,0,"49,765",15.91,"246,294,800",0,0,"1,549,503,500",15.90
2018-06-05,900120,CKH,Foreign stock certificates,"1,002",0,0,"349,989",0.29,"586,740",0,0,"203,103,073",0.29
2018-06-05,101240,CQV,Stock certificates,0,0,0,"19,543",0.00,0,0,0,"155,841,360",0.00
2018-06-05,047920,C-TRI,Stock certificates,"5,152",0,0,"128,600",4.01,"32,357,250",0,0,"808,107,470",4.00
2018-06-05,060590,CTC BIO,Stock certificates,"3,161",0,0,"600,406",0.53,"49,992,650",0,0,"9,488,443,800",0.53
2018-06-05,036170,CTL,Stock certificates,"25,011",0,0,"1,049,494",2.38,"127,358,010",0,0,"5,348,148,420",2.38
2018-06-05,260930,CTK Cosmetics,Stock certificates,337,0,0,"18,359",1.84,"12,528,800",0,0,"673,600,350",1.86
2018-06-05,013990,AGABANG&CO,Stock certificates,"18,863",0,0,"934,713",2.02,"107,898,380",0,0,"5,423,633,330",1.99
2018-06-05,123860,ANAPASS,Stock certificates,74,0,0,"10,003",0.74,"1,288,050",0,0,"174,236,150",0.74
2018-06-05,025980,Ananti,Stock certificates,"158,310",0,0,"4,128,646",3.83,"1,724,167,500",0,0,"45,125,109,650",3.82
2018-06-05,058220,ARION,Stock certificates,547,0,0,"1,217,197",0.04,"570,405",0,0,"1,269,999,445",0.04
2018-06-05,052710,Amotech,Stock certificates,"4,004",0,0,"142,100",2.82,"153,323,500",0,0,"5,442,598,250",2.82
2018-06-05,074430,AMINOLOGICS,Stock certificates,"1,701",0,0,"178,989",0.95,"3,988,865",0,0,"421,934,280",0.95
2018-06-05,092040,Amicogen,Stock certificates,"2,049",0,0,"63,210",3.24,"53,703,000",0,0,"1,653,830,300",3.25
2018-06-05,083930,AVACO,Stock certificates,477,0,0,"55,132",0.87,"3,538,770",0,0,"408,492,680",0.87
2018-06-05,149950,AVATEC,Stock certificates,25,0,0,"16,466",0.15,"178,070",0,0,"116,183,720",0.15
2018-06-05,036010,ABEL,Stock certificates,"8,837",0,0,"327,342",2.70,"74,959,520",0,0,"2,773,824,840",2.70
2018-06-05,050860,ASIA TECHNOLOGY,Stock certificates,0,0,0,"143,364",0.00,0,0,0,"534,011,555",0.00
2018-06-05,246720,ASTA,Stock certificates,0,0,0,"48,824",0.00,0,0,0,"648,091,350",0.00
2018-06-05,067390,ASTK,Stock certificates,"1,219",0,0,"52,227",2.33,"20,486,500",0,0,"878,933,850",2.33
2018-06-05,127710,ASIA BUSINESS DAILY,Stock certificates,928,0,0,"11,412,608",0.01,"3,243,360",0,0,"39,615,534,750",0.01
2018-06-05,154030,ASIA SEED,Stock certificates,0,0,0,"521,148",0.00,0,0,0,"3,194,090,610",0.00
2018-06-05,227610,OUTIN,Stock certificates,634,0,0,"99,479",0.64,"15,326,350",0,0,"2,391,606,400",0.64
2018-06-05,143160,IDIS,Stock certificates,0,0,0,"31,714",0.00,0,0,0,"256,053,310",0.00
2018-06-05,054800,IDIS Holdings,Stock certificates,0,0,0,"1,913",0.00,0,0,0,"30,263,600",0.00
2018-06-05,060570,IRIVER,Stock certificates,"5,844",0,0,"2,881,185",0.20,"56,126,680",0,0,"27,957,151,910",0.20
2018-06-05,099190,i-SENS,Stock certificates,"1,214",0,0,"43,819",2.77,"28,569,900",0,0,"1,030,365,500",2.77
2018-06-05,214430,i3system,Stock certificates,223,0,0,"7,129",3.13,"4,842,700",0,0,"154,048,550",3.14
2018-06-05,040910,ICD,Stock certificates,"3,693",0,0,"95,662",3.86,"38,430,750",0,0,"994,083,900",3.87
2018-06-05,068940,ick,Stock certificates,0,0,0,"88,743",0.00,0,0,0,"138,389,185",0.00
2018-06-05,052860,I&C,Stock certificates,0,0,0,"23,164",0.00,0,0,0,"102,169,500",0.00
2018-06-05,069920,ISE Commerce,Stock certificates,0,0,0,"3,115",0.00,0,0,0,"11,174,830",0.00
2018-06-05,038880,iA,Stock certificates,"7,335",0,0,"300,662",2.44,"28,536,940",0,0,"1,166,068,875",2.45
2018-06-05,101390,IM,Stock certificates,"25,304",0,0,"138,349",18.29,"50,543,775",0,0,"276,407,445",18.29
2018-06-05,226350,IMTECH,Stock certificates,"1,192",0,0,"134,514",0.89,"3,776,505",0,0,"422,720,945",0.89
2018-06-05,078860,IOK,Stock certificates,0,0,0,"196,518",0.00,0,0,0,"418,944,540",0.00
2018-06-05,114810,IONES,Stock certificates,959,0,0,"39,493",2.43,"12,970,200",0,0,"530,640,900",2.44
2018-06-05,11481216,IONES 5WR,Subscription right warrants,0,0,0,"5,943",0.00,0,0,0,"824,791",0.00
2018-06-05,031310,EYESVISION,Stock certificates,0,0,0,"107,655",0.00,0,0,0,"466,713,970",0.00
2018-06-05,185490,Eyegene,Stock certificates,506,0,0,"77,559",0.65,"12,609,800",0,0,"1,931,013,000",0.65
2018-06-05,059100,IC,Stock certificates,26,0,0,"23,144",0.11,"144,660",0,0,"128,344,710",0.11
2018-06-05,052460,iCRAFT,Stock certificates,0,0,0,"8,553",0.00,0,0,0,"49,965,950",0.00
2018-06-05,119830,ITEK Semi,Stock certificates,0,0,0,"46,070",0.00,0,0,0,"277,887,620",0.00
2018-06-05,124500,ITCEN,Stock certificates,62,0,0,"37,041",0.17,"223,510",0,0,"131,788,000",0.17
2018-06-05,032080,AZTECHWB,Stock certificates,0,0,0,"42,880",0.00,0,0,0,"88,982,005",0.00
2018-06-05,013310,A-JIN INDUSTRY,Stock certificates,111,0,0,"129,501",0.09,"352,980",0,0,"412,682,130",0.09
2018-06-05,059120,AJINEXTEK,Stock certificates,0,0,0,"48,808",0.00,0,0,0,"640,875,850",0.00
2018-06-05,023890,ATLAS,Stock certificates,0,0,0,"1,149",0.00,0,0,0,"54,405,750",0.00
2018-06-05,067160,AfreecaTV,Stock certificates,"2,670",0,0,"693,532",0.38,"127,242,950",0,0,"33,279,124,950",0.38
2018-06-05,001540,AHN-GOOK PHA,Stock certificates,30,0,0,"14,527",0.21,"385,950",0,0,"186,002,350",0.21
2018-06-05,053800,AHNLAB,Stock certificates,"2,377",0,0,"140,142",1.70,"137,738,200",0,0,"8,159,862,400",1.69
2018-06-05,065660,ANTEROGEN,Stock certificates,"3,253",0,0,"153,187",2.12,"427,131,400",0,0,"20,144,511,900",2.12
2018-06-05,260660,Arlico,Stock certificates,"4,528",0,0,"288,363",1.57,"84,557,050",0,0,"5,265,191,300",1.61
2018-06-05,106080,RBK EMD,Stock certificates,"25,805",0,0,"6,860,312",0.38,"22,942,808",0,0,"6,178,531,767",0.37
2018-06-05,10608216,RBK EMD 7WR,Subscription right warrants,0,0,0,"4,231",0.00,0,0,0,"9,986,575",0.00
2018-06-05,131370,RSUPPORT,Stock certificates,14,0,0,"171,453",0.01,"32,830",0,0,"401,902,590",0.01
2018-06-05,140670,RS Automation,Stock certificates,397,0,0,"159,128",0.25,"5,915,800",0,0,"2,330,233,950",0.25
2018-06-05,096610,RFsemi,Stock certificates,0,0,0,"16,451",0.00,0,0,0,"76,788,860",0.00
2018-06-05,061040,RFTECH,Stock certificates,"6,337",0,0,"54,329",11.66,"29,110,180",0,0,"249,608,695",11.66
2018-06-05,148250,RN2 Technologies,Stock certificates,0,0,0,"7,571",0.00,0,0,0,"71,770,830",0.00
2018-06-05,196170,Alteogen,Stock certificates,"1,642",0,0,"136,216",1.21,"51,497,400",0,0,"4,287,988,650",1.20
2018-06-05,123750,Alton Sports,Stock certificates,0,0,0,"23,921",0.00,0,0,0,"76,413,130",0.00
2018-06-05,085810,Alticast,Stock certificates,701,0,0,"63,064",1.11,"2,931,920",0,0,"263,423,170",1.11
2018-06-05,117670,Alpha Holdings,Stock certificates,"4,180",0,0,"439,240",0.95,"55,704,450",0,0,"5,880,605,600",0.95
2018-06-05,196300,AnyGen,Stock certificates,882,0,0,"18,958",4.65,"16,471,250",0,0,"354,653,250",4.64
2018-06-05,205500,Action Square,Stock certificates,663,0,0,"43,736",1.52,"5,629,790",0,0,"371,791,650",1.51
2018-06-05,052790,ACTOZ SOFT,Stock certificates,0,0,0,"35,523",0.00,0,0,0,"532,335,600",0.00
2018-06-05,131400,ACT,Stock certificates,365,0,0,"1,101,407",0.03,"1,244,650",0,0,"3,805,955,980",0.03
2018-06-05,238090,NDFOS,Stock certificates,0,0,0,"26,433",0.00,0,0,0,"166,836,240",0.00
2018-06-05,174900,AbClon,Stock certificates,960,0,0,"39,619",2.42,"43,889,150",0,0,"1,813,058,800",2.42
2018-06-05,255440,YAS,Stock certificates,479,0,0,"50,855",0.94,"10,465,500",0,0,"1,112,402,100",0.94
2018-06-05,030960,Yangjisa,Stock certificates,1,0,0,"679,241",0.00,"13,400",0,0,"9,104,456,950",0.00
2018-06-05,102120,ABOV,Stock certificates,0,0,0,"33,689",0.00,0,0,0,"188,593,580",0.00
2018-06-05,041590,Enerzent,Stock certificates,"1,752",0,0,"109,870",1.59,"5,889,345",0,0,"368,610,080",1.60
2018-06-05,019990,ENERTORK,Stock certificates,"2,366",0,0,"199,030",1.19,"14,345,560",0,0,"1,207,715,460",1.19
2018-06-05,041440,EVERDIGM,Stock certificates,"1,084",0,0,"505,637",0.21,"12,325,500",0,0,"5,772,245,850",0.21
2018-06-05,038680,SNET,Stock certificates,"1,874",0,0,"218,379",0.86,"9,807,250",0,0,"1,143,657,020",0.86
2018-06-05,217480,SDBIO,Stock certificates,0,0,0,"190,715",0.00,0,0,0,"3,154,544,150",0.00
2018-06-05,121890,SDSYSTEM,Stock certificates,0,0,0,"42,085",0.00,0,0,0,"128,864,400",0.00
2018-06-05,030270,SMARK,Stock certificates,"15,157",0,0,"2,045,260",0.74,"7,978,561",0,0,"1,067,296,874",0.75
2018-06-05,097780,S-MAC,Stock certificates,"54,371",0,0,"6,102,821",0.89,"86,274,290",0,0,"9,694,026,750",0.89
2018-06-05,073070,Esmo,Stock certificates,"42,390",0,0,"8,898,561",0.48,"488,632,400",0,0,"100,753,770,150",0.48
2018-06-05,042110,SCD,Stock certificates,0,0,0,"54,792",0.00,0,0,0,"88,970,445",0.00
2018-06-05,065420,SI,Stock certificates,"76,450",0,0,"20,017,132",0.38,"90,444,750",0,0,"23,741,659,730",0.38
2018-06-05,103230,S&W Corp.,Stock certificates,0,0,0,"133,703",0.00,0,0,0,"935,341,960",0.00
2018-06-05,900080,S&C Engine,Foreign stock certificates,0,0,0,"174,908",0.00,0,0,0,"126,470,024",0.00
2018-06-05,101490,S&S TECH,Stock certificates,0,0,0,"45,133",0.00,0,0,0,"198,596,020",0.00
2018-06-05,095910,S-ENERGY,Stock certificates,345,0,0,"174,031",0.20,"2,590,020",0,0,"1,318,168,230",0.20
2018-06-05,031330,SAMT,Stock certificates,"1,431",0,0,"463,943",0.31,"3,038,870",0,0,"983,556,175",0.31
2018-06-05,060540,SAT,Stock certificates,"47,754",0,0,"30,684,314",0.16,"170,146,525",0,0,"103,590,998,485",0.16
2018-06-05,112240,SFC,Stock certificates,"15,425",0,0,"1,064,242",1.45,"85,393,830",0,0,"5,918,851,180",1.44
2018-06-05,056190,SFA,Stock certificates,"8,669",0,0,"183,894",4.71,"320,807,950",0,0,"6,802,749,500",4.72
2018-06-05,080000,SNU,Stock certificates,157,0,0,"27,105",0.58,"540,295",0,0,"92,917,435",0.58
2018-06-05,160600,SNTEK,Stock certificates,0,0,0,"68,789",0.00,0,0,0,"457,649,430",0.00
2018-06-05,263920,S&P WORLD,Stock certificates,338,0,0,"113,304",0.30,"2,578,940",0,0,"848,230,620",0.30
2018-06-05,041510,SME,Stock certificates,"8,059",0,0,"307,150",2.62,"326,885,450",0,0,"12,481,269,250",2.62
2018-06-05,007820,SMC,Stock certificates,"1,557",0,0,"62,832",2.48,"21,284,550",0,0,"859,131,000",2.48
2018-06-05,109610,SYPANEL,Stock certificates,"8,583",0,0,"722,475",1.19,"75,245,060",0,0,"6,351,385,090",1.18
2018-06-05,080440,SJK,Stock certificates,0,0,0,"278,958",0.00,0,0,0,"277,758,996",0.00
2018-06-05,096630,S Connect,Stock certificates,"49,302",0,0,"2,876,292",1.71,"129,869,925",0,0,"7,512,079,855",1.73
2018-06-05,069510,ESTec,Stock certificates,0,0,0,"3,839",0.00,0,0,0,"41,034,100",0.00
2018-06-05,041910,ESTECHPHARMA,Stock certificates,"1,875",0,0,"46,793",4.01,"23,073,600",0,0,"577,370,300",4.00
2018-06-05,234300,STraffic,Stock certificates,"11,181",0,0,"587,966",1.90,"220,523,950",0,0,"11,565,199,750",1.91
2018-06-05,039440,STI,Stock certificates,"3,759",0,0,"122,416",3.07,"68,544,650",0,0,"2,240,015,750",3.06
2018-06-05,098660,STO,Stock certificates,0,0,0,"16,306",0.00,0,0,0,"53,896,500",0.00
2018-06-05,052020,STCUBE,Stock certificates,"9,593",0,0,"309,391",3.10,"140,555,750",0,0,"4,503,149,150",3.12
2018-06-05,237690,ST Pharm,Stock certificates,"12,561",0,0,"164,681",7.63,"426,969,700",0,0,"5,588,012,500",7.64
2018-06-05,050760,S polytech,Stock certificates,0,0,0,"68,357",0.00,0,0,0,"149,204,960",0.00
2018-06-05,058610,SPG,Stock certificates,"3,524",0,0,"337,649",1.04,"41,545,100",0,0,"3,977,961,550",1.04
2018-06-05,043340,Essen Tech,Stock certificates,0,0,0,"243,630",0.00,0,0,0,"344,395,420",0.00
2018-06-05,054630,ADChips,Stock certificates,"4,028",0,0,"1,443,340",0.28,"9,727,620",0,0,"3,443,944,155",0.28
2018-06-05,200710,ADTechnology,Stock certificates,"1,065",0,0,"45,941",2.32,"9,530,950",0,0,"411,370,400",2.32
2018-06-05,003800,AceBed,Stock certificates,0,0,0,15,0.00,0,0,0,"2,694,400",0.00
2018-06-05,088800,Ace Technologies,Stock certificates,"39,663",0,0,"1,176,007",3.37,"210,561,200",0,0,"6,211,472,450",3.39
2018-06-05,138360,ACTCOS,Stock certificates,"5,981",0,0,"956,270",0.63,"50,658,190",0,0,"8,058,232,870",0.63
2018-06-05,050320,ANTN,Stock certificates,0,0,0,0,0.00,0,0,0,0,0.00
2018-06-05,072990,HCT,Stock certificates,0,0,0,"84,500",0.00,0,0,0,"887,590,800",0.00
2018-06-05,176440,HNT,Stock certificates,0,0,0,"11,350",0.00,0,0,0,"41,860,630",0.00
2018-06-05,028300,HLB,Stock certificates,"93,332",0,0,"2,126,407",4.39,"11,142,704,700",0,0,"252,095,281,200",4.42
2018-06-05,067630,HLBLS,Stock certificates,3,0,0,"735,681",0.00,"60,600",0,0,"14,310,492,500",0.00
2018-06-05,043220,HLB POWER,Stock certificates,0,0,0,"578,181",0.00,0,0,0,"890,818,590",0.00
2018-06-05,239610,HLSCIENCE,Stock certificates,94,0,0,"5,830",1.61,"3,107,250",0,0,"192,868,050",1.61
2018-06-05,226340,HMCIBNo.3SPAC,Stock certificates,0,0,0,0,0.00,0,0,0,0,0.00
2018-06-05,044780,HK,Stock certificates,0,0,0,"160,325",0.00,0,0,0,"301,064,355",0.00
2018-06-05,071670,A-Tech,Stock certificates,144,0,0,"68,102",0.21,"1,516,750",0,0,"715,326,800",0.21
2018-06-05,045660,ATEC,Stock certificates,"4,068",0,0,"270,851",1.50,"46,233,750",0,0,"3,069,330,150",1.51
2018-06-05,224110,ATEC T&,Stock certificates,"1,558",0,0,"407,509",0.38,"20,412,850",0,0,"5,323,657,500",0.38
2018-06-05,021080,Atinum Investment,Stock certificates,"1,727",0,0,"392,837",0.44,"6,087,025",0,0,"1,384,217,020",0.44
2018-06-05,089530,AT semicon,Stock certificates,"9,818",0,0,"365,464",2.69,"7,813,224",0,0,"290,733,007",2.69
2018-06-05,182400,ATGen,Stock certificates,"6,122",0,0,"58,929",10.39,"106,371,900",0,0,"1,023,390,550",10.39
2018-06-05,073570,AT technology,Stock certificates,70,0,0,"47,438",0.15,"676,310",0,0,"460,358,830",0.15
2018-06-05,109960,Aprogen H&G,Stock certificates,"6,134",0,0,"327,254",1.87,"19,093,290",0,0,"1,023,058,695",1.87
2018-06-05,043580,Aimhigh,Stock certificates,0,0,0,0,0.00,0,0,0,0,0.00
2018-06-05,214870,HDPRO,Stock certificates,0,0,0,"115,112",0.00,0,0,0,"400,520,270",0.00
2018-06-05,064510,ECOMAISTER,Stock certificates,777,0,0,"3,618,363",0.02,"10,998,650",0,0,"52,159,648,750",0.02
2018-06-05,230360,ECHO,Stock certificates,0,0,0,"824,764",0.00,0,0,0,"9,512,633,250",0.00
2018-06-05,038870,EcoBio Holdings,Stock certificates,389,0,0,"59,241",0.66,"3,559,570",0,0,"542,451,020",0.66
2018-06-05,086520,ECOPRO,Stock certificates,"60,556",0,0,"520,509",11.63,"2,351,095,100",0,0,"20,306,614,800",11.58
2018-06-05,038110,ECOPLASTIC,Stock certificates,0,0,0,"86,117",0.00,0,0,0,"160,171,195",0.00
2018-06-05,073540,FRTEK,Stock certificates,"2,241",0,0,"110,260",2.03,"7,386,125",0,0,"362,066,195",2.04
2018-06-05,064090,FN REPUBLIC,Stock certificates,"14,114",0,0,"569,652",2.48,"42,879,830",0,0,"1,723,465,745",2.49
2018-06-05,036810,FINE SEMITECH,Stock certificates,102,0,0,"161,572",0.06,"655,500",0,0,"1,040,479,470",0.06
2018-06-05,173940,FNC Ent.,Stock certificates,"2,493",0,0,"159,238",1.57,"25,809,300",0,0,"1,643,414,750",1.57
2018-06-05,083500,FNS TECH,Stock certificates,11,0,0,"12,456",0.09,"67,210",0,0,"76,062,760",0.09
2018-06-05,065160,FT EnE,Stock certificates,0,0,0,0,0.00,0,0,0,0,0.00
2018-06-05,054940,EXA E&C,Stock certificates,"1,790",0,0,"227,655",0.79,"2,828,200",0,0,"354,935,925",0.80
2018-06-05,950130,Access Bio,Depository receipts,0,0,0,"76,097",0.00,0,0,0,"377,826,670",0.00
2018-06-05,205100,XM,Stock certificates,0,0,0,"187,924",0.00,0,0,0,"741,464,690",0.00
2018-06-05,092870,EXICON,Stock certificates,0,0,0,"75,504",0.00,0,0,0,"800,244,250",0.00
2018-06-05,067570,NVH,Stock certificates,0,0,0,"51,551",0.00,0,0,0,"139,214,240",0.00
2018-06-05,101400,N CITRON,Stock certificates,85,0,0,"2,764,551",0.00,"97,325",0,0,"3,059,089,390",0.00
2018-06-05,217820,NS,Stock certificates,232,0,0,"24,418",0.95,"3,487,700",0,0,"367,393,950",0.95
2018-06-05,031860,NSN,Stock certificates,0,0,0,"92,749",0.00,0,0,0,"245,684,695",0.00
2018-06-05,256630,NH SPAC X,Stock certificates,0,0,0,"6,174",0.00,0,0,0,"12,543,220",0.00
2018-06-05,256840,NH SPAC XI,Stock certificates,0,0,0,"3,601",0.00,0,0,0,"7,328,030",0.00
2018-06-05,273060,NH SPAC XII,Stock certificates,0,0,0,"4,812",0.00,0,0,0,"9,787,850",0.00
2018-06-05,208860,EnGIS Technologies,Stock certificates,0,0,0,"35,365",0.00,0,0,0,"1,101,485,100",0.00
2018-06-05,183490,ENZYCHEM LSC,Stock certificates,230,0,0,"41,871",0.55,"18,766,900",0,0,"3,405,727,600",0.55
2018-06-05,206400,Entermate,Stock certificates,"15,405",0,0,"707,758",2.18,"40,082,880",0,0,"1,843,130,775",2.17
2018-06-05,069410,nTels,Stock certificates,0,0,0,"21,961",0.00,0,0,0,"285,667,450",0.00
2018-06-05,048830,NPK,Stock certificates,"4,812",0,0,"6,474,528",0.07,"15,199,060",0,0,"19,934,475,935",0.08
2018-06-05,096870,LDT,Stock certificates,0,0,0,"51,539",0.00,0,0,0,"213,134,510",0.00
2018-06-05,061970,LB SEMICON,Stock certificates,"36,446",0,0,"22,151,288",0.16,"247,952,540",0,0,"146,529,621,130",0.17
2018-06-05,138690,LIS,Stock certificates,187,0,0,"57,361",0.33,"2,628,500",0,0,"804,416,300",0.33
2018-06-05,066970,L&F,Stock certificates,23,0,0,"299,684",0.01,"1,192,500",0,0,"15,501,927,800",0.01
2018-06-05,156100,L&K BIOMED,Stock certificates,0,0,0,"75,629",0.00,0,0,0,"806,063,950",0.00
2018-06-05,073110,LMS,Stock certificates,0,0,0,"18,444",0.00,0,0,0,"154,609,900",0.00
2018-06-05,083310,LOT Vacuum,Stock certificates,"2,836",0,0,"131,033",2.16,"42,917,550",0,0,"1,982,586,750",2.16
2018-06-05,037950,ELCOMTEC,Stock certificates,"100,750",0,0,"918,047",10.97,"253,720,550",0,0,"2,309,443,740",10.99
2018-06-05,170920,LTC,Stock certificates,0,0,0,"18,655",0.00,0,0,0,"228,757,700",0.00
2018-06-05,058630,Mgame,Stock certificates,"2,466",0,0,"139,263",1.77,"10,206,510",0,0,"579,200,720",1.76
2018-06-05,019590,MVENTURE,Stock certificates,0,0,0,0,0.00,0,0,0,0,0.00
2018-06-05,097520,MCNEX,Stock certificates,0,0,0,"98,929",0.00,0,0,0,"1,851,428,900",0.00
2018-06-05,009780,MSC,Stock certificates,600,0,0,"83,175",0.72,"4,368,760",0,0,"606,467,200",0.72
2018-06-05,123040,"MS AUTOTECH CO., LTD",Stock certificates,54,0,0,"88,475",0.06,"158,240",0,0,"260,550,525",0.06
2018-06-05,12304216,"MS AUTOTECH CO., LTD 7WR",Subscription right warrants,0,0,0,"3,735",0.00,0,0,0,"3,090,692",0.00
2018-06-05,032790,MGENPLUS,Stock certificates,69,0,0,"119,318",0.06,"836,800",0,0,"1,443,871,900",0.06
2018-06-05,033160,MKElectron,Stock certificates,"1,029",0,0,"276,459",0.37,"11,138,100",0,0,"2,980,530,200",0.37
2018-06-05,259630,mplus,Stock certificates,574,0,0,"231,913",0.25,"14,307,500",0,0,"5,517,799,500",0.26
2018-06-05,115960,YONWOO,Stock certificates,"9,640",0,0,"65,686",14.68,"275,218,050",0,0,"1,875,755,200",14.67
2018-06-05,090740,YOUNYI,Stock certificates,116,0,0,"114,044",0.10,"273,445",0,0,"265,943,000",0.10
2018-06-05,007530,Youngsin,Stock certificates,99,0,0,"183,775",0.05,"245,590",0,0,"454,769,140",0.05
2018-06-05,143540,YWDSP,Stock certificates,204,0,0,"20,181",1.01,"834,420",0,0,"82,108,270",1.02
2018-06-05,036180,YOUNG IN F.T,Stock certificates,"1,172",0,0,"464,522",0.25,"7,989,800",0,0,"3,137,281,520",0.25
2018-06-05,036560,YPPC,Stock certificates,0,0,0,"82,897",0.00,0,0,0,"721,313,830",0.00
2018-06-05,265560,YHTEC,Stock certificates,0,0,0,"19,413",0.00,0,0,0,"272,859,600",0.00
2018-06-05,036000,YeaRimDang,Stock certificates,325,0,0,"158,170",0.21,"4,712,850",0,0,"2,282,199,700",0.21
2018-06-05,053280,YES24,Stock certificates,261,0,0,"213,741",0.12,"1,563,390",0,0,"1,272,687,840",0.12
2018-06-05,122640,YEST,Stock certificates,656,0,0,"34,089",1.92,"11,283,200",0,0,"585,963,550",1.93
2018-06-05,900300,ORGANIC TEA COSMETICS,Foreign stock certificates,"1,144",0,0,"371,630",0.31,"3,395,275",0,0,"1,098,650,270",0.31
2018-06-05,045060,OKONG Corp.,Stock certificates,4,0,0,"40,514",0.01,"18,660",0,0,"188,028,205",0.01
2018-06-05,080520,ODTech,Stock certificates,0,0,0,"39,997",0.00,0,0,0,"313,722,400",0.00
2018-06-05,039830,AURORA,Stock certificates,15,0,0,"24,880",0.06,"183,800",0,0,"304,471,350",0.06
2018-06-05,046120,Orbitech,Stock certificates,"14,583",0,0,"1,643,410",0.89,"96,297,360",0,0,"10,866,444,910",0.89
2018-06-05,014940,OPCO,Stock certificates,0,0,0,"448,843",0.00,0,0,0,"448,531,455",0.00
2018-06-05,065500,Orient Precision Industries,Stock certificates,"17,240",0,0,"1,926,306",0.89,"17,146,100",0,0,"1,924,171,288",0.89
2018-06-05,010470,ORICOM,Stock certificates,"1,471",0,0,"428,261",0.34,"9,571,730",0,0,"2,796,630,180",0.34
2018-06-05,053980,OSANGJAIEL,Stock certificates,"1,903",0,0,"56,138",3.39,"21,535,750",0,0,"625,829,150",3.44
2018-06-05,052420,OSUNG ADVANCED MATERIALS,Stock certificates,"101,297",0,0,"2,095,924",4.83,"318,188,965",0,0,"6,572,629,115",4.84
2018-06-05,05242217,OSUNG ADVANCED MATERIALS 20WR,Subscription right warrants,0,0,0,"70,025",0.00,0,0,0,"9,415,632",0.00
2018-06-05,241790,OCEANBRIDGE,Stock certificates,240,0,0,"19,944",1.20,"2,406,300",0,0,"200,182,540",1.20
2018-06-05,039200,OCT Inc.,Stock certificates,"46,002",0,0,"609,126",7.55,"1,206,892,000",0,0,"16,145,801,000",7.47
2018-06-05,226400,OSTEONIC,Stock certificates,0,0,0,"38,074",0.00,0,0,0,"231,816,340",0.00
2018-06-05,031510,AUSTEM,Stock certificates,"35,791",0,0,"1,762,835",2.03,"170,691,690",0,0,"8,423,183,755",2.03
2018-06-05,048260,OSSTEMIMPLANT,Stock certificates,"1,291",0,0,"32,145",4.02,"66,306,600",0,0,"1,651,417,500",4.02
2018-06-05,138080,OE Solutions,Stock certificates,0,0,0,"34,341",0.00,0,0,0,"362,426,100",0.00
2018-06-05,080580,OKins,Stock certificates,0,0,0,"10,938",0.00,0,0,0,"51,281,760",0.00
2018-06-05,067170,Autech,Stock certificates,"1,775",0,0,"276,802",0.64,"24,330,450",0,0,"3,805,205,650",0.64
2018-06-05,049480,Openbase,Stock certificates,355,0,0,"193,768",0.18,"1,089,335",0,0,"595,356,185",0.18
2018-06-05,057540,Omnisystem,Stock certificates,126,0,0,"739,575",0.02,"370,675",0,0,"2,144,074,510",0.02
2018-06-05,057680,Omnitel,Stock certificates,"1,000",0,0,"127,369",0.79,"4,061,015",0,0,"517,910,170",0.78
2018-06-05,123010,OptoPAC,Stock certificates,0,0,0,"16,882",0.00,0,0,0,"88,928,550",0.00
2018-06-05,082210,OPTRONTEC,Stock certificates,"1,423",0,0,"114,477",1.24,"7,950,740",0,0,"640,203,240",1.24
2018-06-05,109080,OPTICIS,Stock certificates,358,0,0,"45,932",0.78,"3,076,960",0,0,"393,224,550",0.78
2018-06-05,052770,ydonline,Stock certificates,"4,893",0,0,"1,245,955",0.39,"14,540,945",0,0,"3,718,513,755",0.39
2018-06-05,057030,YBM NET,Stock certificates,0,0,0,"23,980",0.00,0,0,0,"73,180,630",0.00
2018-06-05,122990,WiSoL,Stock certificates,842,0,0,"72,241",1.17,"11,168,900",0,0,"960,194,550",1.16
2018-06-05,232140,YIKC,Stock certificates,"9,923",0,0,"1,113,699",0.89,"47,975,900",0,0,"5,287,745,380",0.91
2018-06-05,067900,Y-ENTEC,Stock certificates,0,0,0,"294,842",0.00,0,0,0,"1,608,488,010",0.00
2018-06-05,155650,YMC,Stock certificates,450,0,0,"131,357",0.34,"10,408,050",0,0,"3,063,173,400",0.34
2018-06-05,251370,YMT,Stock certificates,210,0,0,"44,256",0.47,"7,572,600",0,0,"1,598,603,900",0.47
2018-06-05,066430,Y-OPTICS MANUFACTURE,Stock certificates,"5,985",0,0,"2,178,295",0.27,"108,935,800",0,0,"40,623,896,450",0.27
2018-06-05,193250,YJM Games,Stock certificates,"30,452",0,0,"5,882,784",0.52,"104,947,045",0,0,"19,818,674,205",0.53
2018-06-05,019210,YG-1,Stock certificates,"4,864",0,0,"303,851",1.60,"72,469,300",0,0,"4,504,304,200",1.61
2018-06-05,122870,YG Entertainment,Stock certificates,"28,791",0,0,"98,738",29.16,"817,982,000",0,0,"2,812,186,950",29.09
2018-06-05,079000,WATOS COREA,Stock certificates,0,0,0,"12,395",0.00,0,0,0,"87,012,010",0.00
2018-06-05,114630,UNO&COMPANY,Stock certificates,0,0,0,"20,357",0.00,0,0,0,"101,831,850",0.00
2018-06-05,032820,"WooriTG, Inc.",Stock certificates,"11,685",0,0,"4,208,207",0.28,"27,423,945",0,0,"9,832,411,480",0.28
2018-06-05,041190,WTIC,Stock certificates,"2,802",0,0,"1,339,558",0.21,"10,414,515",0,0,"5,008,918,330",0.21
2018-06-05,115440,WooriNet,Stock certificates,0,0,0,"46,784",0.00,0,0,0,"427,255,140",0.00
2018-06-05,046970,WOORIRO,Stock certificates,149,0,0,"482,426",0.03,"399,040",0,0,"1,299,527,040",0.03
2018-06-05,215360,W.I.C,Stock certificates,767,0,0,"43,620",1.76,"21,413,050",0,0,"1,220,653,500",1.75
2018-06-05,072470,W.I.H.C,Stock certificates,616,0,0,"10,946",5.63,"3,775,910",0,0,"67,374,500",5.60
2018-06-05,073560,WOORISON F&G,Stock certificates,0,0,0,"223,392",0.00,0,0,0,"558,542,020",0.00
2018-06-05,153490,WOOREE E&L,Stock certificates,0,0,0,"36,785",0.00,0,0,0,"33,554,556",0.00
2018-06-05,082850,WOOREE ETI,Stock certificates,0,0,0,"133,567",0.00,0,0,0,"159,782,480",0.00
2018-06-05,037400,WOOREE LIGHTING,Stock certificates,0,0,0,"138,053",0.00,0,0,0,"225,298,755",0.00
2018-06-05,101170,WOORIM,Stock certificates,759,0,0,"169,588",0.45,"3,834,690",0,0,"855,656,930",0.45
2018-06-05,194610,WOOSUNG I.B.,Stock certificates,0,0,0,0,0.00,0,0,0,0,0.00
2018-06-05,066590,WSA,Stock certificates,"5,680",0,0,"2,977,304",0.19,"32,656,930",0,0,"16,923,253,110",0.19
2018-06-05,046940,Woowon Development,Stock certificates,128,0,0,"539,813",0.02,"914,250",0,0,"3,838,736,330",0.02
2018-06-05,215380,WOOJUNG BIO,Stock certificates,94,0,0,"2,424,831",0.00,"349,910",0,0,"9,109,641,350",0.00
2018-06-05,065680,UJU,Stock certificates,0,0,0,"8,133",0.00,0,0,0,"90,165,400",0.00
2018-06-05,018620,WOOGENE B&G,Stock certificates,0,0,0,"106,820",0.00,0,0,0,"488,673,680",0.00
2018-06-05,032940,WonIk,Stock certificates,0,0,0,"312,348",0.00,0,0,0,"2,639,787,450",0.00
2018-06-05,240810,WONIK IPS,Stock certificates,"47,735",0,0,"226,647",21.06,"1,614,839,550",0,0,"7,672,106,600",21.05
2018-06-05,074600,WONIK QnC,Stock certificates,776,0,0,"257,483",0.30,"12,746,400",0,0,"4,237,884,250",0.30
2018-06-05,104830,WIMCO,Stock certificates,505,0,0,"28,926",1.75,"32,535,800",0,0,"1,864,969,500",1.74
2018-06-05,014190,WONIK CUBE Corp.,Stock certificates,"46,011",0,0,"1,844,341",2.49,"142,124,565",0,0,"5,688,324,140",2.50
2018-06-05,123100,WONIK TERA SEMICON,Stock certificates,109,0,0,"256,949",0.04,"1,881,000",0,0,"4,443,981,350",0.04
2018-06-05,030530,WONIK HOLDINGS,Stock certificates,132,0,0,"367,475",0.04,"844,970",0,0,"2,356,772,080",0.04
2018-06-05,012620,Wonil,Stock certificates,0,0,0,"23,820",0.00,0,0,0,"276,583,800",0.00
2018-06-05,008370,Wonpoong,Stock certificates,0,0,0,"9,165",0.00,0,0,0,"38,927,585",0.00
2018-06-05,008290,WPMulsan,Stock certificates,"11,370",0,0,"276,921",4.11,"55,894,805",0,0,"1,363,969,565",4.10
2018-06-05,101160,Worldex,Stock certificates,0,0,0,"213,444",0.00,0,0,0,"1,401,848,220",0.00
2018-06-05,095270,WAVE ELECTRO,Stock certificates,"1,192",0,0,"70,964",1.68,"32,979,050",0,0,"1,968,865,900",1.68
2018-06-05,065950,Welcron,Stock certificates,"38,866",0,0,"32,721,387",0.12,"206,880,735",0,0,"182,081,606,685",0.11
2018-06-05,114190,WELCRON KANGWON,Stock certificates,"7,647",0,0,"564,931",1.35,"37,015,300",0,0,"2,603,098,305",1.42
2018-06-05,076080,WELCRON HANTEC,Stock certificates,41,0,0,"208,360",0.02,"132,430",0,0,"674,616,315",0.02
2018-06-05,196700,WAPS,Stock certificates,0,0,0,"152,306",0.00,0,0,0,"851,637,160",0.00
2018-06-05,069080,Webzen,Stock certificates,"174,035",0,0,"1,011,659",17.20,"4,576,809,800",0,0,"26,623,860,200",17.19
2018-06-05,026260,WINERGYS,Stock certificates,0,0,0,0,0.00,0,0,0,0,0.00
2018-06-05,044340,WINIX,Stock certificates,"3,624",0,0,"151,469",2.39,"57,796,700",0,0,"2,395,581,150",2.41
2018-06-05,112040,Wemade,Stock certificates,"3,896",0,0,"73,193",5.32,"205,480,500",0,0,"3,855,419,800",5.33
2018-06-05,038620,WIZ,Stock certificates,0,0,0,"89,032",0.00,0,0,0,"125,006,785",0.00
2018-06-05,036090,WIZIT,Stock certificates,"101,084",0,0,"8,733,940",1.16,"194,652,965",0,0,"16,634,604,280",1.17
2018-06-05,136540,Wins,Stock certificates,44,0,0,"56,073",0.08,"539,000",0,0,"682,319,500",0.08
2018-06-05,097800,Winpac,Stock certificates,"12,628",0,0,"7,062,211",0.18,"26,205,070",0,0,"15,034,637,730",0.17
2018-06-05,192390,Winhitech,Stock certificates,0,0,0,"30,096",0.00,0,0,0,"158,049,290",0.00
2018-06-05,036200,UNISEM,Stock certificates,"22,393",0,0,"1,200,448",1.87,"241,049,100",0,0,"13,066,163,650",1.84
2018-06-05,018000,UNISON,Stock certificates,"76,975",0,0,"889,054",8.66,"222,118,420",0,0,"2,580,434,115",8.61
2018-06-05,203450,Union community,Stock certificates,0,0,0,"17,188",0.00,0,0,0,"48,510,835",0.00
2018-06-05,011320,UNICK,Stock certificates,0,0,0,"121,927",0.00,0,0,0,"592,721,900",0.00
2018-06-05,086390,UniTest,Stock certificates,"21,184",0,0,"465,848",4.55,"407,379,350",0,0,"8,945,157,000",4.55
2018-06-05,241690,UNITEKNO,Stock certificates,0,0,0,"14,729",0.00,0,0,0,"247,859,850",0.00
2018-06-05,142210,Unitrontech,Stock certificates,0,0,0,"34,755",0.00,0,0,0,"226,299,970",0.00
2018-06-05,048430,YURA TECH.,Stock certificates,89,0,0,"15,611",0.57,"686,720",0,0,"119,732,300",0.57
2018-06-05,206650,EuBio,Stock certificates,"4,170",0,0,"233,814",1.78,"34,914,690",0,0,"1,950,795,600",1.79
2018-06-05,089850,UBIVELOX,Stock certificates,105,0,0,"42,685",0.25,"1,074,700",0,0,"437,783,500",0.25
2018-06-05,032620,UBCARE,Stock certificates,"2,080",0,0,"178,469",1.17,"9,606,345",0,0,"825,083,065",1.16
2018-06-05,264450,Ubiquoss,Stock certificates,22,0,0,"96,243",0.02,"571,800",0,0,"2,484,664,600",0.02
2018-06-05,078070,Ubiquoss Holdings,Stock certificates,13,0,0,"75,091",0.02,"71,870",0,0,"413,461,950",0.02
2018-06-05,024800,YOOSUNG T&S,Stock certificates,"12,689",0,0,"779,083",1.63,"58,483,970",0,0,"3,603,905,025",1.62
2018-06-05,054930,Yooshin,Stock certificates,311,0,0,"63,704",0.49,"8,135,850",0,0,"1,653,985,150",0.49
2018-06-05,069330,U.I.DISPLAY,Stock certificates,0,0,0,"39,696",0.00,0,0,0,"110,312,980",0.00
2018-06-05,049520,UIL,Stock certificates,457,0,0,"30,036",1.52,"2,878,480",0,0,"188,647,480",1.53
2018-06-05,287410,Yuanta SPAC 3,Stock certificates,0,0,0,"475,666",0.00,0,0,0,"918,225,200",0.00
2018-06-05,056090,U&I,Stock certificates,0,0,0,"55,555",0.00,0,0,0,"911,995,800",0.00
2018-06-05,263770,UST,Stock certificates,0,0,0,"815,181",0.00,0,0,0,"9,005,278,850",0.00
2018-06-05,195990,Ugint,Stock certificates,"39,375",0,0,"4,053,072",0.97,"53,027,135",0,0,"5,610,101,125",0.95
2018-06-05,023410,EUGENE,Stock certificates,"80,332",0,0,"2,414,007",3.33,"755,339,570",0,0,"22,559,706,440",3.35
2018-06-05,056080,Yujin Robot,Stock certificates,"7,304",0,0,"6,488,806",0.11,"39,533,480",0,0,"34,815,188,245",0.11
2018-06-05,084370,Eugenetech,Stock certificates,"1,514",0,0,"129,506",1.17,"28,432,250",0,0,"2,432,450,700",1.17
2018-06-05,178780,U-Tech,Stock certificates,0,0,0,"144,603",0.00,0,0,0,"580,664,305",0.00
2018-06-05,179900,UTI,Stock certificates,0,0,0,"12,777",0.00,0,0,0,"252,394,100",0.00
2018-06-05,191410,RYUK-IL C&S,Stock certificates,0,0,0,"95,504",0.00,0,0,0,"606,962,310",0.00
2018-06-05,044960,EAGLE VET,Stock certificates,0,0,0,"78,227",0.00,0,0,0,"402,968,490",0.00
2018-06-05,039020,EAGON HOLDINGS,Stock certificates,0,0,0,"32,737",0.00,0,0,0,"122,788,270",0.00
2018-06-05,060230,exax,Stock certificates,0,0,0,"164,106",0.00,0,0,0,"400,976,605",0.00
2018-06-05,067920,IGLOO SECURITY,Stock certificates,0,0,0,"21,290",0.00,0,0,0,"105,113,205",0.00
2018-06-05,073490,Innowireless,Stock certificates,0,0,0,"129,894",0.00,0,0,0,"2,642,378,250",0.00
2018-06-05,215790,INNO INSTRUMENT,Stock certificates,526,0,0,"63,594",0.83,"4,977,950",0,0,"609,984,320",0.82
2018-06-05,088390,INNOX,Stock certificates,0,0,0,"46,665",0.00,0,0,0,"540,496,250",0.00
2018-06-05,272290,INNOX Advanced Materials,Stock certificates,"5,742",0,0,"138,733",4.14,"416,225,700",0,0,"10,165,907,900",4.09
2018-06-05,053350,INITECH,Stock certificates,0,0,0,"31,997",0.00,0,0,0,"244,977,000",0.00
2018-06-05,258610,EWK,Stock certificates,347,0,0,"56,476",0.61,"2,061,000",0,0,"335,366,190",0.61
2018-06-05,033110,ED,Stock certificates,"10,271",0,0,"474,541",2.16,"7,609,611",0,0,"351,916,466",2.16
2018-06-05,041520,e-LITECOM,Stock certificates,81,0,0,"32,536",0.25,"457,900",0,0,"185,559,310",0.25
2018-06-05,054210,Elentec,Stock certificates,0,0,0,"30,714",0.00,0,0,0,"107,122,775",0.00
2018-06-05,065440,ELUON,Stock certificates,"16,006",0,0,"1,292,300",1.24,"46,297,750",0,0,"3,717,448,085",1.25
2018-06-05,036260,IMAGINE ASIA,Stock certificates,0,0,0,"439,507",0.00,0,0,0,"903,145,905",0.00
2018-06-05,115610,IMAGIS,Stock certificates,63,0,0,"63,204",0.10,"244,920",0,0,"241,493,715",0.10
2018-06-05,078020,eBEST IS,Stock certificates,0,0,0,"1,249",0.00,0,0,0,"13,611,800",0.00
2018-06-05,080010,eSANG,Stock certificates,0,0,0,"40,929",0.00,0,0,0,"444,757,200",0.00
2018-06-05,086890,ISU ABXIS,Stock certificates,"1,021",0,0,"135,250",0.75,"10,949,900",0,0,"1,442,515,200",0.76
2018-06-05,047560,ESTsoft,Stock certificates,206,0,0,"64,061",0.32,"1,682,690",0,0,"521,857,200",0.32
2018-06-05,900110,East Asia Holdings,Foreign stock certificates,"2,828",0,0,"258,571",1.09,"1,444,684",0,0,"131,794,236",1.10
2018-06-05,067010,ECS,Stock certificates,0,0,0,"14,879",0.00,0,0,0,"69,613,355",0.00
2018-06-05,223310,ESV,Stock certificates,"10,788",0,0,"2,564,833",0.42,"11,816,785",0,0,"2,789,879,445",0.42
2018-06-05,052190,ESA,Stock certificates,0,0,0,0,0.00,0,0,0,0,0.00
2018-06-05,226360,Ext,Stock certificates,0,0,0,"60,304",0.00,0,0,0,"172,757,375",0.00
2018-06-05,102710,ENF,Stock certificates,156,0,0,"229,334",0.07,"2,768,700",0,0,"4,036,652,400",0.07
2018-06-05,094190,ELK,Stock certificates,12,0,0,"162,014",0.01,"10,668",0,0,"143,804,510",0.01
2018-06-05,063760,ELP,Stock certificates,3,0,0,"45,795",0.01,"68,100",0,0,"1,051,302,900",0.01
2018-06-05,123570,EMNET,Stock certificates,0,0,0,"122,565",0.00,0,0,0,"739,934,050",0.00
2018-06-05,095190,EMKOREA,Stock certificates,"9,257",0,0,"805,941",1.15,"41,270,095",0,0,"3,626,093,750",1.14
2018-06-05,091120,EM-Tech,Stock certificates,85,0,0,"52,913",0.16,"1,547,000",0,0,"957,033,050",0.16
2018-06-05,039030,EO Technics,Stock certificates,"6,064",0,0,"186,914",3.24,"476,474,800",0,0,"14,764,543,000",3.23
2018-06-05,088290,EWON COMFORT,Stock certificates,0,0,0,"81,792",0.00,0,0,0,"133,051,605",0.00
2018-06-05,033600,EZEN TECH,Stock certificates,0,0,0,"91,199",0.00,0,0,0,"615,629,590",0.00
2018-06-05,181340,isMedia,Stock certificates,0,0,0,"39,994",0.00,0,0,0,"257,958,780",0.00
2018-06-05,035810,EASY BIO,Stock certificates,"23,910",0,0,"1,611,732",1.48,"219,892,500",0,0,"14,769,694,770",1.49
2018-06-05,090850,Ezwel,Stock certificates,0,0,0,"95,084",0.00,0,0,0,"900,571,920",0.00
2018-06-05,092130,e-Credible,Stock certificates,9,0,0,"7,380",0.12,"136,550",0,0,"111,688,750",0.12
2018-06-05,016250,eTEC,Stock certificates,245,0,0,"5,988",4.09,"32,240,100",0,0,"789,538,300",4.08
2018-06-05,096040,E-TRON,Stock certificates,"279,293",0,0,"12,184,286",2.29,"94,801,646",0,0,"4,102,088,706",2.31
2018-06-05,134060,e-future,Stock certificates,0,0,0,"43,885",0.00,0,0,0,"254,021,250",0.00
2018-06-05,001840,Eehwa,Stock certificates,"64,303",0,0,"2,142,422",3.00,"697,347,850",0,0,"23,380,979,450",2.98
2018-06-05,024810,E.T.I,Stock certificates,"208,924",0,0,"18,750,572",1.11,"87,883,684",0,0,"7,897,249,758",1.11
2018-06-05,041830,InBody,Stock certificates,50,0,0,"54,125",0.09,"1,660,950",0,0,"1,806,912,200",0.09
2018-06-05,079950,INVENIA,Stock certificates,2,0,0,"52,365",0.00,"6,900",0,0,"180,566,695",0.00
2018-06-05,060150,INSUN ENT,Stock certificates,"9,711",0,0,"443,962",2.19,"79,810,350",0,0,"3,643,370,190",2.19
2018-06-05,033230,INSUNG,Stock certificates,0,0,0,"40,415",0.00,0,0,0,"175,010,145",0.00
2018-06-05,037330,INZI DISPLAY,Stock certificates,0,0,0,"109,834",0.00,0,0,0,"201,210,320",0.00
2018-06-05,083640,INCON,Stock certificates,9,0,0,"230,862",0.00,"123,500",0,0,"3,177,413,500",0.00
2018-06-05,216050,Incross,Stock certificates,"1,370",0,0,"60,793",2.25,"41,213,000",0,0,"1,826,226,850",2.26
2018-06-05,049070,INTOPS,Stock certificates,69,0,0,"26,795",0.26,"620,530",0,0,"241,941,100",0.26
2018-06-05,119610,INTEROJO,Stock certificates,"2,003",0,0,"10,348",19.36,"68,917,850",0,0,"357,622,400",19.27
2018-06-05,158310,INTERBULLS,Stock certificates,"4,960",0,0,"372,511",1.33,"41,039,070",0,0,"3,089,977,490",1.33
2018-06-05,017250,Interm,Stock certificates,0,0,0,0,0.00,0,0,0,0,0.00
2018-06-05,108790,Interpark,Stock certificates,"15,269",0,0,"286,361",5.33,"110,586,800",0,0,"2,079,278,930",5.32
2018-06-05,035080,Interpark Holdings,Stock certificates,6,0,0,"196,432",0.00,"18,210",0,0,"591,705,515",0.00
2018-06-05,051370,INTERFLEX,Stock certificates,"48,443",0,0,"534,038",9.07,"990,690,200",0,0,"11,024,175,150",8.99
2018-06-05,064290,INTEKPLUS,Stock certificates,0,0,0,"29,354",0.00,0,0,0,"129,332,355",0.00
2018-06-05,189300,Intellian Tech,Stock certificates,70,0,0,"376,574",0.02,"1,092,000",0,0,"6,199,395,550",0.02
2018-06-05,150840,IntroMedic,Stock certificates,"1,237",0,0,"453,706",0.27,"18,608,400",0,0,"6,581,433,550",0.28
2018-06-05,048530,iNtRON Bio,Stock certificates,"2,219",0,0,"35,746",6.21,"87,461,550",0,0,"1,406,554,600",6.22
2018-06-05,175140,INFOMARK,Stock certificates,0,0,0,"11,325",0.00,0,0,0,"192,708,000",0.00
2018-06-05,115310,INFOvine,Stock certificates,0,0,0,"1,477",0.00,0,0,0,"35,978,650",0.00
2018-06-05,039290,InfoBank,Stock certificates,0,0,0,"21,619",0.00,0,0,0,"162,556,760",0.00
2018-06-05,041020,INFRAWARE,Stock certificates,"1,584",0,0,"705,472",0.22,"3,490,640",0,0,"1,533,675,430",0.23
2018-06-05,071200,INFINITT Healthcare,Stock certificates,"5,687",0,0,"94,322",6.03,"40,153,970",0,0,"666,320,090",6.03
2018-06-05,101930,Inhwa Precision,Stock certificates,183,0,0,"98,663",0.19,"1,119,460",0,0,"605,497,640",0.18
2018-06-05,078940,ILKYUNG,Stock certificates,0,0,0,"156,441",0.00,0,0,0,"205,172,350",0.00
2018-06-05,068330,"ilShinbiobase Co., Ltd.",Stock certificates,"73,407",0,0,"1,028,164",7.14,"195,301,405",0,0,"2,740,147,995",7.13
2018-06-05,058450,ILYA,Stock certificates,660,0,0,"60,310",1.09,"1,988,560",0,0,"183,535,395",1.08
2018-06-05,019540,IljiTech,Stock certificates,0,0,0,"5,135",0.00,0,0,0,"19,169,940",0.00
2018-06-05,094820,ILJIN POWER,Stock certificates,"5,897",0,0,"435,183",1.36,"43,894,230",0,0,"3,229,554,160",1.36
2018-06-05,950140,Englewood Lab,Depository receipts,282,0,0,"833,783",0.03,"1,964,100",0,0,"5,767,238,500",0.03
2018-06-05,049550,InkTec,Stock certificates,92,0,0,"14,727",0.62,"375,480",0,0,"59,899,880",0.63
2018-06-05,043910,NNE,Stock certificates,"32,912",0,0,"7,146,309",0.46,"90,095,890",0,0,"20,813,179,970",0.43
2018-06-05,234920,Zaigle,Stock certificates,0,0,0,"58,403",0.00,0,0,0,"393,162,520",0.00
2018-06-05,174880,JangWon,Stock certificates,0,0,0,"13,996",0.00,0,0,0,"109,486,100",0.00
2018-06-05,049630,JAEYOUNG,Stock certificates,"34,612",0,0,"2,068,221",1.67,"80,761,555",0,0,"4,771,761,540",1.69
2018-06-05,065530,KRTnet,Stock certificates,952,0,0,"468,834",0.20,"3,176,980",0,0,"1,567,544,480",0.20
2018-06-05,208140,JUNGDAWN,Stock certificates,"3,915",0,0,"229,122",1.71,"14,981,135",0,0,"878,841,860",1.70
2018-06-05,022220,JEONGSAN AIKANG,Stock certificates,0,0,0,"160,463",0.00,0,0,0,"491,639,695",0.00
2018-06-05,040420,jls,Stock certificates,0,0,0,"24,972",0.00,0,0,0,"179,972,530",0.00
2018-06-05,045510,ZWNS,Stock certificates,305,0,0,"6,488",4.70,"733,710",0,0,"15,537,140",4.72
2018-06-05,065620,JENAX,Stock certificates,"11,240",0,0,"65,395",17.19,"171,143,000",0,0,"996,614,900",17.17
2018-06-05,217190,Genesem,Stock certificates,0,0,0,"30,349",0.00,0,0,0,"88,458,520",0.00
2018-06-05,095700,Genexine,Stock certificates,"104,466",0,0,"615,104",16.98,"10,853,926,200",0,0,"63,918,336,000",16.98
2018-06-05,122310,GENORAY,Stock certificates,0,0,0,"280,719",0.00,0,0,0,"8,109,625,100",0.00
2018-06-05,187420,GenoFocus,Stock certificates,"6,802",0,0,"186,609",3.65,"72,685,100",0,0,"2,002,711,100",3.63
2018-06-05,123330,Genic,Stock certificates,125,0,0,"131,417",0.10,"1,941,350",0,0,"1,995,311,250",0.10
2018-06-05,159580,0TO7,Stock certificates,0,0,0,"145,448",0.00,0,0,0,"1,247,704,340",0.00
2018-06-05,147830,CheryongInd,Stock certificates,"2,095",0,0,"275,815",0.76,"25,715,850",0,0,"3,338,873,400",0.77
2018-06-05,033100,CheryongElec,Stock certificates,"3,685",0,0,"922,171",0.40,"45,548,000",0,0,"11,102,536,350",0.41
2018-06-05,019570,GIC,Stock certificates,0,0,0,"335,047",0.00,0,0,0,"213,117,678",0.00
2018-06-05,079370,ZEUS,Stock certificates,189,0,0,"214,424",0.09,"3,468,900",0,0,"3,971,496,650",0.09
2018-06-05,054950,JVM,Stock certificates,375,0,0,"11,424",3.28,"15,018,500",0,0,"456,914,900",3.29
2018-06-05,096690,J. Stephen Lab.,Stock certificates,"82,881",0,0,"105,836,956",0.08,"40,366,186",0,0,"52,631,150,835",0.08
2018-06-05,090470,JASTECH,Stock certificates,546,0,0,"117,990",0.46,"6,401,250",0,0,"1,380,039,400",0.46
2018-06-05,137950,JC Chemical,Stock certificates,143,0,0,"34,048",0.42,"602,490",0,0,"142,376,795",0.42
2018-06-05,033320,JCH Systems,Stock certificates,435,0,0,"524,932",0.08,"3,858,450",0,0,"4,600,720,690",0.08
2018-06-05,026040,J.ESTINA,Stock certificates,344,0,0,"244,240",0.14,"3,176,660",0,0,"2,197,937,500",0.14
2018-06-05,126880,JNK Heaters,Stock certificates,13,0,0,"82,013",0.02,"54,210",0,0,"340,170,385",0.02
2018-06-05,033050,JMI,Stock certificates,0,0,0,"312,312",0.00,0,0,0,"381,253,385",0.00
2018-06-05,094970,JMT,Stock certificates,"3,581",0,0,"158,396",2.26,"17,338,530",0,0,"767,002,915",2.26
2018-06-05,058420,J way,Stock certificates,"3,238",0,0,"429,073",0.75,"7,160,740",0,0,"946,648,860",0.76
2018-06-05,036420,Jcontentree,Stock certificates,"184,638",0,0,"2,251,153",8.20,"1,365,914,600",0,0,"16,652,158,680",8.20
2018-06-05,089790,JT Corp.,Stock certificates,0,0,0,"50,861",0.00,0,0,0,"163,038,750",0.00
2018-06-05,052670,CHEIL BIO,Stock certificates,0,0,0,"204,105",0.00,0,0,0,"815,431,730",0.00
2018-06-05,023440,JeilSteel,Stock certificates,0,0,0,"424,687",0.00,0,0,0,"681,764,230",0.00
2018-06-05,038010,JEIL TECHNOS,Stock certificates,93,0,0,"47,997",0.19,"421,285",0,0,"215,759,955",0.20
2018-06-05,003380,JEIL HOLDINGS,Stock certificates,449,0,0,"123,784",0.36,"6,577,850",0,0,"1,807,198,300",0.36
2018-06-05,080220,JSC,Stock certificates,"1,513",0,0,"85,214",1.78,"7,622,780",0,0,"429,162,600",1.78
2018-06-05,082270,GemVax,Stock certificates,"1,730",0,0,"167,990",1.03,"24,518,900",0,0,"2,360,655,050",1.04
2018-06-05,044060,JOKWANG ILI,Stock certificates,"2,531",0,0,"1,026,974",0.25,"14,746,420",0,0,"5,975,375,300",0.25
2018-06-05,034940,ChoA Pharm.,Stock certificates,"6,037",0,0,"197,998",3.05,"31,879,640",0,0,"1,045,876,520",3.05
2018-06-05,101730,Joymax,Stock certificates,8,0,0,"39,523",0.02,"122,800",0,0,"609,230,850",0.02
2018-06-05,067000,JoyCity,Stock certificates,193,0,0,"21,175",0.91,"2,857,700",0,0,"319,560,250",0.89
2018-06-05,033340,GOODPEOPLE,Stock certificates,"27,359",0,0,"3,759,791",0.73,"168,257,250",0,0,"22,915,060,310",0.73
2018-06-05,036930,JEL,Stock certificates,"3,133",0,0,"727,434",0.43,"32,118,300",0,0,"7,442,516,310",0.43
2018-06-05,051980,JOONGANG LIVING TECH,Stock certificates,0,0,0,"111,800",0.00,0,0,0,"153,715,290",0.00
2018-06-05,072020,CAVAC,Stock certificates,"3,324",0,0,"43,026",7.73,"72,493,350",0,0,"936,677,750",7.74
2018-06-05,000440,JA Enervis,Stock certificates,0,0,0,146,0.00,0,0,0,"4,599,350",0.00
2018-06-05,054180,ChoongAng Ocean,Stock certificates,3,0,0,"138,892",0.00,"14,655",0,0,"687,545,580",0.00
2018-06-05,043610,Genie Music,Stock certificates,"30,846",0,0,"312,595",9.87,"183,632,170",0,0,"1,857,723,690",9.88
2018-06-05,263860,GENIANS,Stock certificates,0,0,0,"6,958",0.00,0,0,0,"86,386,900",0.00
2018-06-05,155960,GD,Stock certificates,0,0,0,0,0.00,0,0,0,0,0.00
2018-06-05,208350,JS.,Stock certificates,"2,065",0,0,"166,312",1.24,"5,015,320",0,0,"404,448,935",1.24
2018-06-05,114570,G-SMATT GLOBAL,Stock certificates,"8,699",0,0,"141,106",6.16,"93,125,950",0,0,"1,509,612,100",6.17
2018-06-05,051160,GAEASOFT,Stock certificates,0,0,0,"27,479",0.00,0,0,0,"51,294,930",0.00
2018-06-05,053050,GSE,Stock certificates,0,0,0,"216,948",0.00,0,0,0,"391,962,530",0.00
2018-06-05,119850,GNCENERGY,Stock certificates,"3,357",0,0,"399,285",0.84,"20,768,970",0,0,"2,473,027,420",0.84
2018-06-05,065060,GNCO,Stock certificates,"2,218",0,0,"768,786",0.29,"5,623,685",0,0,"1,951,011,120",0.29
2018-06-05,204840,GLPT,Stock certificates,921,0,0,"461,040",0.20,"4,537,280",0,0,"2,243,642,550",0.20
2018-06-05,018290,Gmp,Stock certificates,511,0,0,"480,799",0.11,"3,958,220",0,0,"3,732,337,040",0.11
2018-06-05,111820,GY COMMERCE,Stock certificates,"1,025",0,0,"323,021",0.32,"3,988,880",0,0,"1,231,052,585",0.32
2018-06-05,115450,G-treeBNT,Stock certificates,"5,435",0,0,"167,165",3.25,"233,404,500",0,0,"7,190,895,600",3.25
2018-06-05,018120,JrDistiller,Stock certificates,0,0,0,"1,810",0.00,0,0,0,"55,343,150",0.00
2018-06-05,109820,GENEMATRIX,Stock certificates,0,0,0,"15,065",0.00,0,0,0,"89,141,370",0.00
2018-06-05,086060,GeneBioTech,Stock certificates,0,0,0,"169,380",0.00,0,0,0,"1,072,417,780",0.00
2018-06-05,036890,JINSUNG,Stock certificates,"14,566",0,0,"375,225",3.88,"158,556,550",0,0,"4,091,657,950",3.88
2018-06-05,007370,JINYANGPHARM,Stock certificates,0,0,0,"33,658",0.00,0,0,0,"169,662,790",0.00
2018-06-05,085660,CHA Biotech,Stock certificates,"5,752",0,0,"434,376",1.32,"109,383,550",0,0,"8,262,227,800",1.32
2018-06-05,900040,CGS,Foreign stock certificates,189,0,0,"108,905",0.17,"149,033",0,0,"86,171,630",0.17
2018-06-05,900090,China Hao Ran,Foreign stock certificates,0,0,0,0,0.00,0,0,0,0,0.00
2018-06-05,094850,Very Good Tour,Stock certificates,39,0,0,"57,294",0.07,"519,750",0,0,"762,757,450",0.07
2018-06-05,004650,Changhae Ethanol,Stock certificates,132,0,0,"19,421",0.68,"2,236,100",0,0,"328,245,050",0.68
2018-06-05,096240,Chungdahm,Stock certificates,63,0,0,"15,891",0.40,"1,005,450",0,0,"254,450,400",0.40
2018-06-05,013720,CheongboInd,Stock certificates,0,0,0,"334,954",0.00,0,0,0,"919,897,935",0.00
2018-06-05,066360,Cherrybro,Stock certificates,368,0,0,"674,874",0.05,"1,357,920",0,0,"2,504,965,575",0.05
2018-06-05,047820,CHOROKBAEM,Stock certificates,"8,134",0,0,"1,152,481",0.71,"14,438,605",0,0,"2,017,120,780",0.72
2018-06-05,094360,C&M,Stock certificates,0,0,0,"19,480",0.00,0,0,0,"146,078,190",0.00
2018-06-05,016920,Cas,Stock certificates,0,0,0,"49,941",0.00,0,0,0,"93,690,830",0.00
2018-06-05,016170,Kakao M,Stock certificates,"1,754",0,0,"113,860",1.54,"152,822,200",0,0,"9,886,242,100",1.55
2018-06-05,042000,Cafe24 Corp.,Stock certificates,"3,611",0,0,"260,934",1.38,"596,144,200",0,0,"43,095,192,500",1.38
2018-06-05,071850,CTK,Stock certificates,"3,500",0,0,"153,346",2.28,"24,035,020",0,0,"1,051,936,240",2.28
2018-06-05,180400,Cancer Rop,Stock certificates,"14,660",0,0,"219,912",6.67,"184,051,600",0,0,"2,762,948,100",6.66
2018-06-05,050110,CammSys,Stock certificates,34,0,0,"361,790",0.01,"81,740",0,0,"867,199,500",0.01
2018-06-05,05011217,CammSys 7WR,Subscription right warrants,0,0,0,"25,796",0.00,0,0,0,"13,770,240",0.00
2018-06-05,900310,Coloray,Foreign stock certificates,218,0,0,"169,727",0.13,"701,310",0,0,"544,978,610",0.13
2018-06-05,078340,C2S,Stock certificates,"1,130",0,0,"107,813",1.05,"211,978,700",0,0,"20,270,953,900",1.05
2018-06-05,263700,CLS,Stock certificates,0,0,0,"20,772",0.00,0,0,0,"791,440,300",0.00
2018-06-05,214370,Caregen,Stock certificates,589,0,0,"13,865",4.25,"49,291,800",0,0,"1,159,116,800",4.25
2018-06-05,072520,KD NBio,Stock certificates,0,0,0,"364,499",0.00,0,0,0,"660,119,415",0.00
2018-06-05,221980,KDCHEM,Stock certificates,0,0,0,"1,872",0.00,0,0,0,"27,596,950",0.00
2018-06-05,043290,K-MAC,Stock certificates,0,0,0,"17,617",0.00,0,0,0,"245,285,900",0.00
2018-06-05,250930,KB No.10 SPAC,Stock certificates,0,0,0,"3,305",0.00,0,0,0,"6,758,725",0.00
2018-06-05,258790,KB No.11 SPAC,Stock certificates,0,0,0,"9,714",0.00,0,0,0,"20,475,810",0.00
2018-06-05,232270,KB No.9 SPAC,Stock certificates,0,0,0,"45,881",0.00,0,0,0,"93,597,305",0.00
2018-06-05,192250,Ksign,Stock certificates,"5,079",0,0,"507,865",1.00,"8,566,220",0,0,"832,456,410",1.03
2018-06-05,115500,KCS,Stock certificates,0,0,0,"117,432",0.00,0,0,0,"593,343,600",0.00
2018-06-05,089150,KCT,Stock certificates,0,0,0,"90,946",0.00,0,0,0,"241,954,610",0.00
2018-06-05,025880,KC FEED,Stock certificates,0,0,0,"326,591",0.00,0,0,0,"868,035,715",0.00
2018-06-05,093320,KINX,Stock certificates,0,0,0,"42,118",0.00,0,0,0,"1,030,247,800",0.00
2018-06-05,073010,KSP,Stock certificates,0,0,0,0,0.00,0,0,0,0,0.00
2018-06-05,105330,KNW,Stock certificates,0,0,0,"8,433",0.00,0,0,0,"48,318,010",0.00
2018-06-05,039420,KL-Net,Stock certificates,"10,346",0,0,"628,919",1.65,"45,469,995",0,0,"2,754,287,860",1.65
2018-06-05,083550,KM,Stock certificates,0,0,0,"46,063",0.00,0,0,0,"464,891,970",0.00
2018-06-05,032500,KMW,Stock certificates,"12,071",0,0,"373,950",3.23,"345,235,300",0,0,"10,699,977,800",3.23
2018-06-05,064820,CAPEind,Stock certificates,"2,370",0,0,"102,263",2.32,"6,594,750",0,0,"285,800,270",2.31
2018-06-05,256940,KPS,Stock certificates,0,0,0,"5,150",0.00,0,0,0,"57,158,550",0.00
2018-06-05,024880,KPF,Stock certificates,0,0,0,"80,619",0.00,0,0,0,"462,292,810",0.00
2018-06-05,042040,KPM TECH,Stock certificates,"10,686",0,0,"2,229,618",0.48,"23,623,065",0,0,"4,927,106,965",0.48
2018-06-05,04204217,KPM TECH 5WR,Subscription right warrants,0,0,0,8,0.00,0,0,0,"10,330",0.00
2018-06-05,054410,KPT,Stock certificates,121,0,0,"14,036",0.86,"770,350",0,0,"89,066,300",0.86
2018-06-05,217600,CHEMON,Stock certificates,"27,567",0,0,"667,048",4.13,"62,947,055",0,0,"1,526,327,240",4.12
2018-06-05,089010,CHEMTRON,Stock certificates,"1,173",0,0,"299,931",0.39,"8,952,690",0,0,"2,275,773,420",0.39
2018-06-05,220260,Chemtros,Stock certificates,"3,546",0,0,"1,168,045",0.30,"14,184,000",0,0,"4,574,571,635",0.31
2018-06-05,052400,KONA I,Stock certificates,"22,206",0,0,"620,516",3.58,"293,737,300",0,0,"8,285,733,850",3.55
2018-06-05,094860,KORNIC GLORY,Stock certificates,"11,788",0,0,"1,149,133",1.03,"9,743,253",0,0,"935,321,894",1.04
2018-06-05,046070,KODACO,Stock certificates,470,0,0,"115,835",0.41,"1,332,255",0,0,"328,964,725",0.40
2018-06-05,047770,Codes Combine,Stock certificates,"2,144",0,0,"143,653",1.49,"7,281,610",0,0,"486,769,430",1.50
2018-06-05,080530,KODI,Stock certificates,0,0,0,0,0.00,0,0,0,0,0.00
2018-06-05,224060,CODI-M,Stock certificates,"43,224",0,0,"39,530,096",0.11,"75,284,215",0,0,"69,318,764,795",0.11
2018-06-05,078650,KOLEN,Stock certificates,0,0,0,"267,950",0.00,0,0,0,"424,205,165",0.00
2018-06-05,104540,Corentec,Stock certificates,0,0,0,"17,318",0.00,0,0,0,"153,711,450",0.00
2018-06-05,027050,COREANA,Stock certificates,"7,518",0,0,"330,271",2.28,"50,935,900",0,0,"2,223,938,500",2.29
2018-06-05,101670,KSEC,Stock certificates,"4,295",0,0,"359,335",1.20,"9,548,385",0,0,"798,397,755",1.20
2018-06-05,123410,KFTC,Stock certificates,0,0,0,"31,492",0.00,0,0,0,"79,613,730",0.00
2018-06-05,036690,COMMAX,Stock certificates,306,0,0,"208,062",0.15,"1,733,130",0,0,"1,191,971,760",0.15
2018-06-05,049430,KOMELON,Stock certificates,105,0,0,"14,147",0.74,"963,980",0,0,"129,755,580",0.74
2018-06-05,183300,KoMiCo,Stock certificates,"1,698",0,0,"40,114",4.23,"53,800,050",0,0,"1,270,327,000",4.24
2018-06-05,041960,KOMIPHARM,Stock certificates,"19,237",0,0,"144,334",13.33,"577,560,400",0,0,"4,341,878,900",13.30
2018-06-05,089890,KOSES,Stock certificates,0,0,0,"49,682",0.00,0,0,0,"181,932,475",0.00
2018-06-05,009730,KOSSEN,Stock certificates,"6,286",0,0,"439,369",1.43,"9,544,710",0,0,"667,518,030",1.43
2018-06-05,241710,COSMECCA KOREA,Stock certificates,"1,252",0,0,"102,601",1.22,"44,962,250",0,0,"3,734,735,550",1.20
2018-06-05,069110,COSON,Stock certificates,970,0,0,"181,682",0.53,"14,041,550",0,0,"2,629,739,900",0.53
2018-06-05,166480,CORESTEM,Stock certificates,"2,996",0,0,"211,528",1.42,"49,925,900",0,0,"3,537,560,600",1.41
2018-06-05,045970,CoAsia Holdings,Stock certificates,0,0,0,"8,013",0.00,0,0,0,"47,577,670",0.00
2018-06-05,029960,KOENTEC,Stock certificates,20,0,0,"165,123",0.01,"114,000",0,0,"930,961,100",0.01
2018-06-05,102940,KLS,Stock certificates,"4,241",0,0,"32,296",13.13,"305,454,900",0,0,"2,327,957,400",13.12
2018-06-05,950160,Kolon TissueGene(Reg.S),Depository receipts,"2,517",0,0,"476,771",0.53,"92,354,200",0,0,"17,162,690,600",0.54
2018-06-05,033290,COWELL F/S,Stock certificates,"3,509",0,0,"1,027,034",0.34,"20,837,700",0,0,"6,105,996,890",0.34
2018-06-05,056360,COWEAVER,Stock certificates,65,0,0,"201,946",0.03,"554,450",0,0,"1,682,595,700",0.03
2018-06-05,121850,KOYJ,Stock certificates,0,0,0,"30,662",0.00,0,0,0,"102,925,270",0.00
2018-06-05,015710,KOCOM,Stock certificates,"22,998",0,0,"7,199,646",0.32,"239,450,160",0,0,"74,068,472,560",0.32
2018-06-05,052330,KORTEK,Stock certificates,"30,119",0,0,"1,758,459",1.71,"540,353,400",0,0,"31,586,648,400",1.71
2018-06-05,126600,KOPLA,Stock certificates,295,0,0,"41,408",0.71,"1,122,445",0,0,"157,501,000",0.71
2018-06-05,200130,KBH,Stock certificates,"2,068",0,0,"98,688",2.10,"58,702,600",0,0,"2,816,110,500",2.08
2018-06-05,225650,Cuchen,Stock certificates,0,0,0,"23,678",0.00,0,0,0,"207,416,260",0.00
2018-06-05,060280,CUREXO,Stock certificates,"5,775",0,0,"61,784",9.35,"55,954,330",0,0,"599,026,860",9.34
2018-06-05,040350,CUROCOM,Stock certificates,"7,919",0,0,"360,096",2.20,"19,300,320",0,0,"879,311,635",2.19
2018-06-05,051780,CUROHOLDINGS,Stock certificates,0,0,0,"524,202",0.00,0,0,0,"532,653,340",0.00
2018-06-05,115180,Qurient,Stock certificates,"1,922",0,0,"82,771",2.32,"45,547,300",0,0,"1,951,982,300",2.33
2018-06-05,182360,CUBEENT,Stock certificates,0,0,0,"904,297",0.00,0,0,0,"2,938,986,235",0.00
2018-06-05,066310,QSI,Stock certificates,0,0,0,"19,098",0.00,0,0,0,"110,217,970",0.00
2018-06-05,016600,QCP,Stock certificates,0,0,0,"729,391",0.00,0,0,0,"742,030,690",0.00
2018-06-05,058530,CREAPLANET,Stock certificates,"10,994",0,0,"653,370",1.68,"21,011,310",0,0,"1,250,834,595",1.68
2018-06-05,043590,CLOVER,Stock certificates,"1,812",0,0,"91,705",1.98,"9,559,000",0,0,"484,448,450",1.97
2018-06-05,114120,CrucialTec,Stock certificates,"14,552",0,0,"395,723",3.68,"44,214,780",0,0,"1,202,419,125",3.68
2018-06-05,083790,CRYSTAL,Stock certificates,"30,920",0,0,"102,797",30.08,"705,954,500",0,0,"2,351,817,550",30.02
2018-06-05,900250,Crystal New Material,Foreign stock certificates,"1,304",0,0,"310,962",0.42,"2,428,815",0,0,"578,663,135",0.42
2018-06-05,045520,Clean & Science,Stock certificates,"1,275",0,0,"81,369",1.57,"16,321,750",0,0,"1,046,300,350",1.56
2018-06-05,214150,CLASSYS,Stock certificates,"11,322",0,0,"84,556",13.39,"59,547,940",0,0,"445,894,280",13.35
2018-06-05,237880,CLIO Cosmetics,Stock certificates,"1,075",0,0,"33,201",3.24,"27,868,650",0,0,"860,579,350",3.24
2018-06-05,054780,KEYEAST,Stock certificates,"29,735",0,0,"14,995,391",0.20,"94,198,980",0,0,"46,983,126,935",0.20
2018-06-05,219130,TigerElec,Stock certificates,0,0,0,"20,946",0.00,0,0,0,"152,856,460",0.00
2018-06-05,065130,TOP ENG,Stock certificates,0,0,0,"27,183",0.00,0,0,0,"184,509,090",0.00
2018-06-05,023160,TKCORP.,Stock certificates,"2,023",0,0,"41,582",4.87,"26,550,500",0,0,"545,290,300",4.87
2018-06-05,053620,TAEYANG,Stock certificates,0,0,0,"17,711",0.00,0,0,0,"191,645,050",0.00
2018-06-05,044490,TAEWOONG,Stock certificates,"10,715",0,0,"102,879",10.42,"196,212,050",0,0,"1,882,046,550",10.43
2018-06-05,191420,Tego,Stock certificates,681,0,0,"27,794",2.45,"60,131,200",0,0,"2,437,102,600",2.47
2018-06-05,182690,TerraSem,Stock certificates,0,0,0,"111,487",0.00,0,0,0,"204,137,395",0.00
2018-06-05,066700,THERAGEN ETEX,Stock certificates,"8,942",0,0,"1,117,257",0.80,"141,967,250",0,0,"17,686,808,350",0.80
2018-06-05,095610,TES,Stock certificates,"15,991",0,0,"268,249",5.96,"478,838,900",0,0,"8,033,012,400",5.96
2018-06-05,131970,TESNA,Stock certificates,0,0,0,"121,797",0.00,0,0,0,"2,966,855,750",0.00
2018-06-05,089030,Techwing,Stock certificates,"2,680",0,0,"85,179",3.15,"49,583,550",0,0,"1,575,040,750",3.15
2018-06-05,054450,Telechips,Stock certificates,253,0,0,"48,094",0.53,"2,909,500",0,0,"552,822,800",0.53
2018-06-05,091440,Telefield,Stock certificates,"1,466",0,0,"115,449",1.27,"7,305,040",0,0,"576,277,720",1.27
2018-06-05,196450,Tellus,Stock certificates,"16,374",0,0,"2,921,245",0.56,"37,870,485",0,0,"6,937,356,985",0.55
2018-06-05,200230,TELCON RF PHARM,Stock certificates,"45,562",0,0,"1,024,785",4.45,"542,505,100",0,0,"12,248,988,750",4.43
2018-06-05,215480,TOEBOX KOREA,Stock certificates,0,0,0,"154,597",0.00,0,0,0,"245,761,040",0.00
2018-06-05,051360,TOVIS,Stock certificates,"21,169",0,0,"2,280,144",0.93,"190,900,290",0,0,"20,433,623,200",0.93
2018-06-05,045340,TSB,Stock certificates,761,0,0,"231,155",0.33,"2,789,085",0,0,"858,108,155",0.33
2018-06-05,057880,Topfield,Stock certificates,"39,676",0,0,"1,324,215",3.00,"115,753,970",0,0,"3,891,588,330",2.97
2018-06-05,108230,TOPTEC,Stock certificates,"19,397",0,0,"182,845",10.61,"484,655,550",0,0,"4,563,317,600",10.62
2018-06-05,079970,TOBESOFT,Stock certificates,"18,788",0,0,"2,466,349",0.76,"193,511,980",0,0,"24,844,811,170",0.78
2018-06-05,066410,TO-WIN Global,Stock certificates,0,0,0,"3,772,772",0.00,0,0,0,"5,856,026,770",0.00
2018-06-05,052290,TRAIS,Stock certificates,0,0,0,0,0.00,0,0,0,0,0.00
2018-06-05,105550,TRUWIN,Stock certificates,0,0,0,"24,697",0.00,0,0,0,"166,088,010",0.00
2018-06-05,026150,TSConstruct,Stock certificates,"4,727",0,0,"1,522,068",0.31,"61,083,750",0,0,"20,215,328,550",0.30
2018-06-05,033830,TBC,Stock certificates,0,0,0,"292,722",0.00,0,0,0,"212,481,578",0.00
2018-06-05,064760,TCK,Stock certificates,"7,376",0,0,"130,573",5.65,"531,369,700",0,0,"9,419,866,000",5.64
2018-06-05,131290,TSE,Stock certificates,0,0,0,"21,230",0.00,0,0,0,"321,314,450",0.00
2018-06-05,246690,TSInvestment,Stock certificates,"1,628",0,0,"132,309",1.23,"5,344,625",0,0,"433,960,610",1.23
2018-06-05,062860,TLi,Stock certificates,0,0,0,"43,139",0.00,0,0,0,"220,961,030",0.00
2018-06-05,104480,TK CHEMICAL,Stock certificates,"15,228",0,0,"1,308,533",1.16,"40,663,675",0,0,"3,490,926,855",1.16
2018-06-05,081150,Tplex,Stock certificates,"27,843",0,0,"2,179,311",1.28,"90,854,220",0,0,"7,216,520,025",1.26
2018-06-05,130740,TPC Global,Stock certificates,0,0,0,"94,130",0.00,0,0,0,"363,678,955",0.00
2018-06-05,084730,Thinkware,Stock certificates,372,0,0,"51,020",0.73,"3,678,980",0,0,"504,551,150",0.73
2018-06-05,046210,PANAGENE,Stock certificates,"2,219",0,0,"72,371",3.07,"15,588,920",0,0,"509,264,800",3.06
2018-06-05,034230,Paradise,Stock certificates,"226,356",0,0,"4,330,451",5.23,"4,540,930,650",0,0,"87,076,854,950",5.21
2018-06-05,033540,Paratech,Stock certificates,"5,554",0,0,"324,198",1.71,"33,897,480",0,0,"1,947,379,310",1.74
2018-06-05,043200,PARU,Stock certificates,"2,669",0,0,"197,129",1.35,"9,465,715",0,0,"699,485,170",1.35
2018-06-05,04320215,PARU 6WR,Subscription right warrants,0,0,0,2,0.00,0,0,0,"1,760",0.00
2018-06-05,214450,PRP,Stock certificates,"1,356",0,0,"20,702",6.55,"57,916,600",0,0,"884,274,550",6.55
2018-06-05,177830,PAVONINE,Stock certificates,0,0,0,"166,725",0.00,0,0,0,"899,546,460",0.00
2018-06-05,037070,PASECO,Stock certificates,87,0,0,"31,809",0.27,"501,910",0,0,"181,081,670",0.28
2018-06-05,150900,FASOO.COM,Stock certificates,0,0,0,"14,645",0.00,0,0,0,"67,453,685",0.00
2018-06-05,047310,POWER LOGICS,Stock certificates,382,0,0,"148,784",0.26,"1,906,245",0,0,"739,797,080",0.26
2018-06-05,170790,Piolink,Stock certificates,0,0,0,"2,565",0.00,0,0,0,"14,011,650",0.00
2018-06-05,049120,FINE DNC,Stock certificates,401,0,0,"3,652,803",0.01,"1,268,620",0,0,"11,857,414,135",0.01
2018-06-05,038950,FINEDIGITAL,Stock certificates,0,0,0,"12,167",0.00,0,0,0,"56,311,400",0.00
2018-06-05,106240,FINETECHNIX,Stock certificates,"56,051",0,0,"1,121,649",5.00,"151,508,545",0,0,"2,998,258,355",5.05
2018-06-05,131760,FINETEK,Stock certificates,0,0,0,"33,795",0.00,0,0,0,"114,178,605",0.00
2018-06-05,13176218,FINETEK 10WR,Subscription right warrants,0,0,0,"154,373",0.00,0,0,0,"57,218,650",0.00
2018-06-05,140860,Park Systems,Stock certificates,73,0,0,"33,567",0.22,"3,144,300",0,0,"1,423,728,100",0.22
2018-06-05,091700,PARTRON,Stock certificates,"4,353",0,0,"182,968",2.38,"34,137,420",0,0,"1,433,910,630",2.38
2018-06-05,194510,PATI Games,Stock certificates,0,0,0,0,0.00,0,0,0,0,0.00
2018-06-05,038160,PAXNET,Stock certificates,"7,897",0,0,"2,875,945",0.27,"78,001,780",0,0,"28,110,120,640",0.28
2018-06-05,032800,Fantagio,Stock certificates,0,0,0,"1,501,673",0.00,0,0,0,"1,414,832,416",0.00
2018-06-05,043090,PharmswellBio,Stock certificates,"2,160",0,0,"212,922",1.01,"12,253,100",0,0,"1,217,967,470",1.01
2018-06-05,027710,FarmStory,Stock certificates,"22,179",0,0,"1,647,229",1.35,"34,348,720",0,0,"2,577,870,095",1.33
2018-06-05,225590,Fashion Platform,Stock certificates,0,0,0,"72,235",0.00,0,0,0,"161,961,575",0.00
2018-06-05,054300,Panstar Enterprise,Stock certificates,"19,312",0,0,"31,288,611",0.06,"31,050,495",0,0,"49,409,848,190",0.06
2018-06-05,068050,PAN ENTERTAINMENT,Stock certificates,42,0,0,"31,141",0.13,"233,040",0,0,"171,262,880",0.14
2018-06-05,222110,PanGen,Stock certificates,597,0,0,"35,602",1.68,"10,180,450",0,0,"607,989,600",1.67
2018-06-05,060900,Pacific Bio,Stock certificates,"1,344",0,0,"1,199,775",0.11,"1,949,020",0,0,"1,757,572,465",0.11
2018-06-05,263750,PearlAbyss,Stock certificates,"20,227",0,0,"146,467",13.81,"4,156,901,400",0,0,"30,209,473,200",13.76
2018-06-05,087010,PEPTRON,Stock certificates,"2,779",0,0,"52,121",5.33,"165,343,100",0,0,"3,113,767,700",5.31
2018-06-05,043370,PHA,Stock certificates,0,0,0,"33,511",0.00,0,0,0,"336,769,180",0.00
2018-06-05,119500,FORMETAL,Stock certificates,839,0,0,"73,550",1.14,"3,994,840",0,0,"344,802,475",1.16
2018-06-05,016670,Pobis TNC,Stock certificates,0,0,0,"135,452",0.00,0,0,0,"200,258,185",0.00
2018-06-05,056730,Fourth-Link,Stock certificates,"37,771",0,0,"2,504,941",1.51,"88,262,075",0,0,"5,838,266,880",1.51
2018-06-05,022100,POSCO ICT,Stock certificates,"4,900",0,0,"360,779",1.36,"34,679,140",0,0,"2,556,108,540",1.36
2018-06-05,009520,POSCO M-TECH,Stock certificates,"28,306",0,0,"1,395,116",2.03,"175,336,260",0,0,"8,681,786,690",2.02
2018-06-05,003670,POSCO CHEMTECH,Stock certificates,"14,446",0,0,"386,526",3.74,"638,890,900",0,0,"17,041,738,700",3.75
2018-06-05,189690,FORCS,Stock certificates,0,0,0,"13,403",0.00,0,0,0,"108,733,140",0.00
2018-06-05,141020,Fortis,Stock certificates,"10,330",0,0,"2,761,088",0.37,"26,083,275",0,0,"6,994,665,740",0.37
2018-06-05,039230,Foxbrain,Stock certificates,"2,018",0,0,"335,604",0.60,"2,995,620",0,0,"497,411,930",0.60
2018-06-05,005670,FOODWELL,Stock certificates,0,0,0,"48,860",0.00,0,0,0,"327,346,560",0.00
2018-06-05,094940,PULOON TECH,Stock certificates,217,0,0,"1,512,160",0.01,"4,628,650",0,0,"31,812,862,600",0.01
2018-06-05,007330,PUREUN S.BK.,Stock certificates,87,0,0,"5,894",1.48,"716,290",0,0,"48,524,390",1.48
2018-06-05,093380,PUNGKANG,Stock certificates,0,0,0,"12,678",0.00,0,0,0,"44,003,210",0.00
2018-06-05,023900,Pungguk,Stock certificates,0,0,0,"57,825",0.00,0,0,0,"690,485,600",0.00
2018-06-05,195440,Fusion,Stock certificates,0,0,0,"9,199",0.00,0,0,0,"60,697,690",0.00
2018-06-05,214270,FSN,Stock certificates,"3,634",0,0,"192,011",1.89,"8,726,050",0,0,"460,234,660",1.90
2018-06-05,220100,Futurechem,Stock certificates,"1,683",0,0,"18,953",8.88,"30,395,800",0,0,"340,944,650",8.92
2018-06-05,035200,PLUMB FAST,Stock certificates,398,0,0,"112,849",0.35,"2,032,330",0,0,"570,512,370",0.36
2018-06-05,203690,PROSTEMICS,Stock certificates,"18,556",0,0,"907,302",2.05,"183,670,920",0,0,"8,976,599,010",2.05
2018-06-05,053610,PROTEC,Stock certificates,56,0,0,"72,531",0.08,"1,208,350",0,0,"1,573,185,750",0.08
2018-06-05,053160,Freems,Stock certificates,97,0,0,"29,365",0.33,"808,880",0,0,"246,706,490",0.33
2018-06-05,075130,PLANTYNET,Stock certificates,0,0,0,"21,852",0.00,0,0,0,"119,481,250",0.00
2018-06-05,023770,PLAYWITH,Stock certificates,0,0,0,"10,977",0.00,0,0,0,"90,812,840",0.00
2018-06-05,032580,Fidelix,Stock certificates,0,0,0,"280,821",0.00,0,0,0,"611,997,170",0.00
2018-06-05,051380,PCD,Stock certificates,0,0,0,"10,354",0.00,0,0,0,"43,585,420",0.00
2018-06-05,241820,PCL,Stock certificates,237,0,0,"44,549",0.53,"3,083,050",0,0,"568,637,850",0.54
2018-06-05,237750,PNC Technologies,Stock certificates,90,0,0,"180,154",0.05,"1,084,500",0,0,"2,104,582,950",0.05
2018-06-05,131390,PNESolution,Stock certificates,"16,532",0,0,"476,789",3.47,"249,405,750",0,0,"7,140,191,250",3.49
2018-06-05,054340,P&TEL,Stock certificates,199,0,0,"619,773",0.03,"611,870",0,0,"1,916,518,245",0.03
2018-06-05,024850,PSMC,Stock certificates,0,0,0,"363,803",0.00,0,0,0,"295,066,139",0.00
2018-06-05,031980,PSK,Stock certificates,"1,816",0,0,"191,074",0.95,"53,061,950",0,0,"5,579,379,550",0.95
2018-06-05,002230,PSTEC,Stock certificates,235,0,0,"77,446",0.30,"1,390,350",0,0,"456,609,590",0.30
2018-06-05,137400,P&T,Stock certificates,0,0,0,"548,886",0.00,0,0,0,"9,878,331,350",0.00
2018-06-05,128660,PJ METAL,Stock certificates,20,0,0,"278,020",0.01,"46,495",0,0,"639,672,480",0.01
2018-06-05,006140,PJ Electro,Stock certificates,0,0,0,"5,006",0.00,0,0,0,"37,255,850",0.00
2018-06-05,087600,Pixelplus,Stock certificates,0,0,0,"3,939",0.00,0,0,0,"32,533,000",0.00
2018-06-05,064800,FEELINGK,Stock certificates,"1,027",0,0,"3,706,912",0.03,"4,019,990",0,0,"14,562,275,100",0.03
2018-06-05,161580,PHILOPTICS,Stock certificates,0,0,0,"18,728",0.00,0,0,0,"188,646,750",0.00
2018-06-05,270520,HanaFinancial10SPAC,Stock certificates,0,0,0,"4,436",0.00,0,0,0,"9,019,865",0.00
2018-06-05,230240,Hana Financial Seventh SPAC,Stock certificates,0,0,0,0,0.00,0,0,0,0,0.00
2018-06-05,261200,HanaFinancial9thSPAC,Stock certificates,0,0,0,"10,716",0.00,0,0,0,"21,900,640",0.00
2018-06-05,067310,Hana Micron,Stock certificates,0,0,0,"806,746",0.00,0,0,0,"4,494,685,290",0.00
2018-06-05,166090,Hana Materials,Stock certificates,604,0,0,"100,442",0.60,"29,157,450",0,0,"4,807,620,700",0.61
2018-06-05,136480,HARIM,Stock certificates,"10,347",0,0,"1,291,094",0.80,"39,114,300",0,0,"4,889,595,480",0.80
2018-06-05,024660,HARIM HOLDINGS,Stock certificates,"2,421",0,0,"109,438",2.21,"9,028,220",0,0,"408,360,755",2.21
2018-06-05,149980,Hironic,Stock certificates,212,0,0,"73,235",0.29,"1,181,240",0,0,"412,476,280",0.29
2018-06-05,013030,HY-LOKCO,Stock certificates,793,0,0,"43,326",1.83,"23,136,250",0,0,"1,265,700,600",1.83
2018-06-05,126700,HyVISION,Stock certificates,"27,248",0,0,"315,474",8.64,"505,183,650",0,0,"5,834,441,900",8.66
2018-06-05,200470,HISEM,Stock certificates,0,0,0,"148,460",0.00,0,0,0,"551,832,135",0.00
2018-06-05,235010,HI AI 1 SPAC,Stock certificates,0,0,0,"2,903",0.00,0,0,0,"5,971,435",0.00
2018-06-05,221840,HIZEAERO,Stock certificates,0,0,0,"17,869",0.00,0,0,0,"119,560,100",0.00
2018-06-05,106190,HTP,Stock certificates,0,0,0,"5,054",0.00,0,0,0,"61,288,250",0.00
2018-06-05,066130,HAATZ,Stock certificates,0,0,0,"71,222",0.00,0,0,0,"430,047,950",0.00
2018-06-05,240540,Korea No.4 SPAC,Stock certificates,0,0,0,0,0.00,0,0,0,0,0.00
2018-06-05,004590,KoreaFurni,Stock certificates,30,0,0,"1,799",1.67,"696,450",0,0,"41,658,350",1.67
2018-06-05,039340,WOW,Stock certificates,0,0,0,"109,650",0.00,0,0,0,"455,945,040",0.00
2018-06-05,034950,KR,Stock certificates,0,0,0,489,0.00,0,0,0,"26,278,000",0.00
2018-06-05,222980,Mcnulty,Stock certificates,0,0,0,"10,234",0.00,0,0,0,"127,845,650",0.00
2018-06-05,025550,HanSun,Stock certificates,"1,190",0,0,"503,869",0.24,"4,124,980",0,0,"1,745,489,825",0.24
2018-06-05,017890,KAI,Stock certificates,350,0,0,"213,007",0.16,"3,719,000",0,0,"2,226,310,150",0.17
2018-06-05,063570,NICE TCM,Stock certificates,938,0,0,"108,668",0.86,"10,308,700",0,0,"1,194,318,400",0.86
2018-06-05,041460,Crosscert,Stock certificates,0,0,0,"86,316",0.00,0,0,0,"575,678,180",0.00
2018-06-05,101680,HNK,Stock certificates,0,0,0,0,0.00,0,0,0,0,0.00
2018-06-05,039740,KIES,Stock certificates,0,0,0,"22,684",0.00,0,0,0,"100,142,610",0.00
2018-06-05,053300,KICA,Stock certificates,0,0,0,"55,396",0.00,0,0,0,"294,009,910",0.00
2018-06-05,025770,KICC,Stock certificates,"2,539",0,0,"32,736",7.76,"32,873,450",0,0,"423,238,250",7.77
2018-06-05,271740,Korea No.5 SPAC,Stock certificates,0,0,0,"2,014",0.00,0,0,0,"4,148,840",0.00
2018-06-05,281410,Korea No.6 SPAC,Stock certificates,0,0,0,"1,347",0.00,0,0,0,"2,750,630",0.00
2018-06-05,291210,Korea No.7 SPAC,Stock certificates,0,0,0,"30,127",0.00,0,0,0,"60,856,785",0.00
2018-06-05,023760,HKCapital,Stock certificates,0,0,0,"129,240",0.00,0,0,0,"87,952,287",0.00
2018-06-05,054040,KCI,Stock certificates,0,0,0,"133,094",0.00,0,0,0,"485,916,340",0.00
2018-06-05,050540,HANKOOK Corporation,Stock certificates,0,0,0,"32,920",0.00,0,0,0,"74,674,925",0.00
2018-06-05,021650,CUBIC KOREA,Stock certificates,10,0,0,"433,811",0.00,"31,700",0,0,"1,372,011,890",0.00
2018-06-05,053590,HANKOOK Technology,Stock certificates,424,0,0,"1,093,549",0.04,"830,160",0,0,"2,109,041,795",0.04
2018-06-05,037230,HKPAK,Stock certificates,290,0,0,"124,357",0.23,"785,900",0,0,"338,233,370",0.23
2018-06-05,030520,HANCOM,Stock certificates,"1,064",0,0,"93,911",1.13,"14,803,900",0,0,"1,310,511,050",1.13
2018-06-05,052600,HANNET,Stock certificates,17,0,0,"54,588",0.03,"54,590",0,0,"176,142,225",0.03
2018-06-05,092460,HANLA IMS,Stock certificates,0,0,0,"24,869",0.00,0,0,0,"196,489,380",0.00
2018-06-05,047080,HBS,Stock certificates,"2,142",0,0,"556,013",0.39,"8,648,240",0,0,"2,214,203,565",0.39
2018-06-05,070300,Hansol Secure,Stock certificates,0,0,0,"2,548",0.00,0,0,0,"15,704,940",0.00
2018-06-05,099660,Hansol SeenTec,Stock certificates,"51,396",0,0,"3,353,891",1.53,"108,406,635",0,0,"7,012,328,990",1.55
2018-06-05,221610,Hansol CNP,Stock certificates,0,0,0,"3,589",0.00,0,0,0,"27,486,530",0.00
2018-06-05,070590,Hansol Intic,Stock certificates,0,0,0,0,0.00,0,0,0,0,0.00
2018-06-05,042520,HANS BIOMED,Stock certificates,"2,216",0,0,"35,954",6.16,"55,555,450",0,0,"900,267,050",6.17
2018-06-05,078350,HANYANG DIGI,Stock certificates,0,0,0,"8,916",0.00,0,0,0,"34,984,705",0.00
2018-06-05,045100,HANYANG ENG,Stock certificates,"1,056",0,0,"131,479",0.80,"19,445,300",0,0,"2,424,126,550",0.80
2018-06-05,046110,HANIL NETWORKS,Stock certificates,0,0,0,"75,947",0.00,0,0,0,"572,984,390",0.00
2018-06-05,024740,HanilForging,Stock certificates,"4,292",0,0,"1,181,142",0.36,"9,031,665",0,0,"2,455,688,215",0.37
2018-06-05,005860,HanilFeed,Stock certificates,"25,353",0,0,"5,851,125",0.43,"63,998,575",0,0,"14,922,728,560",0.43
2018-06-05,123840,HANIL VACUUM,Stock certificates,"1,489",0,0,"233,204",0.64,"3,305,580",0,0,"516,636,550",0.64
2018-06-05,007770,HANILCHEMIC,Stock certificates,0,0,0,"9,273",0.00,0,0,0,"124,937,600",0.00
2018-06-05,079170,Hanchang,Stock certificates,0,0,0,"23,856",0.00,0,0,0,"161,919,480",0.00
2018-06-05,086960,Hancom MDS,Stock certificates,14,0,0,"22,305",0.06,"254,050",0,0,"405,302,150",0.06
2018-06-05,054920,Hancom Secure,Stock certificates,0,0,0,"133,950",0.00,0,0,0,"491,760,845",0.00
2018-06-05,215090,UNIMAX,Stock certificates,0,0,0,"1,268,103",0.00,0,0,0,"3,846,609,555",0.00
2018-06-05,077280,HancomGMD,Stock certificates,0,0,0,"30,946",0.00,0,0,0,"83,322,680",0.00
2018-06-05,002680,Hantop,Stock certificates,0,0,0,"231,242",0.00,0,0,0,"593,916,935",0.00
2018-06-05,066110,HANP,Stock certificates,131,0,0,"315,224",0.04,"345,185",0,0,"837,175,320",0.04
2018-06-05,265920,Hanwha Susung SPAC,Stock certificates,0,0,0,"1,103",0.00,0,0,0,"2,242,155",0.00
2018-06-05,264290,HA SPAC 3RD,Stock certificates,0,0,0,"16,192",0.00,0,0,0,"35,354,345",0.00
2018-06-05,279410,HA SPAC 4TH,Stock certificates,0,0,0,"3,404",0.00,0,0,0,"6,975,525",0.00
2018-06-05,102210,Haeduk Powerway,Stock certificates,882,0,0,"165,904",0.53,"19,163,800",0,0,"3,597,677,000",0.53
2018-06-05,220630,Haimarrow,Stock certificates,"17,758",0,0,"3,708,575",0.48,"47,604,675",0,0,"9,985,427,775",0.48
2018-06-05,034810,HaeSung,Stock certificates,0,0,0,"7,875",0.00,0,0,0,"119,897,200",0.00
2018-06-05,076610,Haesung Optics,Stock certificates,0,0,0,"30,352",0.00,0,0,0,"95,467,325",0.00
2018-06-05,220180,HANDYSOFT,Stock certificates,0,0,0,"30,354",0.00,0,0,0,"162,227,460",0.00
2018-06-05,008800,H. N. C,Stock certificates,"1,054",0,0,"257,397",0.41,"3,475,610",0,0,"840,366,955",0.41
2018-06-05,900270,HENG SHENG GROUP,Foreign stock certificates,0,0,0,"151,355",0.00,0,0,0,"264,973,570",0.00
2018-06-05,170030,HDI21,Stock certificates,0,0,0,"24,698",0.00,0,0,0,"96,021,280",0.00
2018-06-05,016790,HYUNDAI FEED,Stock certificates,0,0,0,"2,449,058",0.00,0,0,0,"68,487,186,450",0.00
2018-06-05,048410,HDIBT,Stock certificates,"2,038",0,0,"196,477",1.04,"11,373,870",0,0,"1,090,665,560",1.04
2018-06-05,026180,HIT,Stock certificates,"1,875",0,0,"161,044",1.16,"4,652,400",0,0,"398,822,735",1.17
2018-06-05,039010,HYUNDAI TEL,Stock certificates,410,0,0,"138,748",0.30,"5,141,200",0,0,"1,729,252,800",0.30
2018-06-05,204990,HS Vital,Stock certificates,364,0,0,"43,447",0.84,"1,372,580",0,0,"162,933,215",0.84
2018-06-05,092300,HYUNWOO,Stock certificates,0,0,0,"106,773",0.00,0,0,0,"439,876,205",0.00
2018-06-05,053660,HYUNJIN,Stock certificates,0,0,0,"99,300",0.00,0,0,0,"374,660,640",0.00
2018-06-05,011080,HYUNGJI I&C,Stock certificates,0,0,0,"111,744",0.00,0,0,0,"143,458,145",0.00
2018-06-05,060560,Home Center Holdings,Stock certificates,"61,547",0,0,"2,654,108",2.32,"138,203,340",0,0,"5,912,887,085",2.34
2018-06-05,064240,homecast,Stock certificates,367,0,0,"390,531",0.09,"3,170,580",0,0,"3,382,898,950",0.09
2018-06-05,039610,HS VALVE,Stock certificates,"5,635",0,0,"1,639,769",0.34,"69,200,300",0,0,"20,534,707,750",0.34
2018-06-05,126640,HWASHIN PRECISION,Stock certificates,802,0,0,"188,476",0.43,"1,114,570",0,0,"259,719,260",0.43
2018-06-05,086250,HWASHIN TECH,Stock certificates,230,0,0,"463,732",0.05,"865,960",0,0,"1,776,341,720",0.05
2018-06-05,204630,Huayi Brothers Korea,Stock certificates,"15,132",0,0,"1,179,786",1.28,"72,559,805",0,0,"5,700,556,485",1.27
2018-06-05,061250,HWAIL PHARM,Stock certificates,58,0,0,"56,854",0.10,"420,140",0,0,"413,141,730",0.10
2018-06-05,134780,HJIN,Stock certificates,"11,677",0,0,"524,791",2.23,"39,819,695",0,0,"1,781,003,625",2.24
2018-06-05,097870,HYOSUNG ONB,Stock certificates,279,0,0,"176,875",0.16,"3,573,450",0,0,"2,229,544,950",0.16
2018-06-05,050090,PHOENIX MATERIALS,Stock certificates,"3,503",0,0,"850,057",0.41,"3,602,800",0,0,"869,753,955",0.41
2018-06-05,205470,HUMASIS,Stock certificates,0,0,0,"2,600,020",0.00,0,0,0,"5,808,162,580",0.00
2018-06-05,115160,HUMAX,Stock certificates,"1,885",0,0,"134,902",1.40,"16,975,630",0,0,"1,215,033,240",1.40
2018-06-05,028080,HUMAX Holdings,Stock certificates,0,0,0,"12,661",0.00,0,0,0,"63,217,280",0.00
2018-06-05,200670,Humedix,Stock certificates,41,0,0,"10,651",0.38,"1,372,050",0,0,"356,288,000",0.39
2018-06-05,065510,Huvitz,Stock certificates,"4,963",0,0,"165,900",2.99,"61,087,650",0,0,"2,056,343,950",2.97
2018-06-05,243070,Huons,Stock certificates,"2,000",0,0,"25,159",7.95,"189,212,500",0,0,"2,384,732,800",7.93
2018-06-05,084110,Huons Global,Stock certificates,"1,443",0,0,"31,880",4.53,"90,117,300",0,0,"1,981,954,300",4.55
2018-06-05,145020,Hugel,Stock certificates,"1,547",0,0,"7,718",20.04,"733,820,400",0,0,"3,663,875,800",20.03
2018-06-05,024060,Heungu,Stock certificates,0,0,0,"58,638",0.00,0,0,0,"177,817,165",0.00
2018-06-05,010240,HEUNGKUK,Stock certificates,"3,789",0,0,"304,245",1.25,"25,388,790",0,0,"1,985,614,070",1.28
2018-06-05,189980,Hyungkuk F&B,Stock certificates,6,0,0,"3,759",0.16,"53,700",0,0,"33,548,340",0.16
2018-06-05,037440,HEERIM,Stock certificates,0,0,0,"154,568",0.00,0,0,0,"901,119,250",0.00
2018-06-05,238490,HIMS,Stock certificates,0,0,0,"28,030",0.00,0,0,0,"408,376,000",0.00
